                        ORT     Lon     Lat     Dep  Mag Nus NuP NuS   ADS   MDS GAP RMS  ERH  ERZ
2021-01-01T07:30:01.800000Z  53.010  34.764   8.000  2.8  17  17   0 153.7  69.0 113 NaN None None
2021-01-04T16:56:49.400000Z  53.648  35.203  10.000  2.6  13  13   0 161.4  38.0 167 NaN None None
2021-01-05T08:56:59.800000Z  53.595  36.265   7.500  2.5   7   7   1 104.9  34.0 130 NaN None None
2021-01-10T22:38:53.800000Z  49.245  36.630   8.000  2.9  20  16   0 223.0  50.0 116 NaN None None
2021-01-14T11:20:39.500000Z  53.041  36.522  19.600  3.9  47  44   2 379.9  70.0 116 NaN None None
2021-01-14T18:10:58.500000Z  53.269  35.966   8.000  2.6   9   9   0 127.8  18.0 136 NaN None None
2021-01-17T02:39:04.900000Z  52.696  36.037   6.000  2.9   7   5   0  94.6  39.0 118 NaN None None
2021-01-19T06:00:12.400000Z  53.263  35.229   8.000  3.9  52  51   2 341.2  32.0  38 NaN None None
2021-01-21T08:00:00.000000Z  50.141  37.083   8.000  2.9   9   7   1 144.6  78.0 179 NaN None None
2021-01-22T03:08:40.700000Z  50.014  37.074  26.600  2.9  13  11   0 191.3  11.0 100 NaN None None
2021-01-25T15:58:53.600000Z  49.028  34.691  11.000  2.9  15  14   0 185.9  18.0  98 NaN None None
2021-01-25T16:49:12.800000Z  49.024  34.677   5.900  3.4  29  25   0 244.7  19.0  71 NaN None None
2021-01-29T16:58:36.700000Z  49.873  35.640  10.000  2.8  16  16   1 169.8  27.0  69 NaN None None
2021-01-30T16:42:32.800000Z  50.504  36.954  19.000  2.9   9   7   0 186.4  46.0 197 NaN None None
2021-02-06T04:31:19.700000Z  51.912  35.537  19.000  3.3  31  28   1 248.0  12.0  43 NaN None None
2021-02-07T23:50:30.100000Z  49.825  35.602   8.000  2.7  10   9   1 143.2  89.0 105 NaN None None
2021-02-10T19:48:21.400000Z  50.909  37.154  24.400  3.3  26  25   0 294.8  92.0 126 NaN None None
2021-02-12T10:43:22.300000Z  53.265  35.922   8.000  2.8  17  17   0 166.3  13.0 105 NaN None None
2021-02-18T08:41:36.700000Z  50.571  34.305   8.000  2.5  12  12   0 168.6  75.0 123 NaN None None
2021-02-22T19:36:15.700000Z  51.790  36.464  14.800  3.6  34  31   0 266.3  20.0 122 NaN None None
2021-02-25T18:52:38.300000Z  51.781  36.384  11.000  2.7  13  13   2 128.1  20.0 157 NaN None None
2021-02-26T00:49:47.700000Z  51.784  36.408   9.800  2.9  14  14   0 136.7  20.0 166 NaN None None
2021-02-26T10:41:09.900000Z  52.861  35.750   9.600  2.8  11  11   1  96.2  15.0  87 NaN None None
2021-02-27T22:34:18.400000Z  53.411  36.094   6.000  3.3  42  37   0 355.7  34.0  97 NaN None None
2021-03-02T19:26:52.900000Z  53.500  36.054  14.200  3.6  46  44   2 338.0  34.0  88 NaN None None
2021-03-02T20:06:10.900000Z  53.500  36.058  13.300  3.6  50  46   3 364.2  34.0  88 NaN None None
2021-03-03T01:43:39.300000Z  49.372  37.087  14.500  2.5  11  11   1 128.8  51.0 100 NaN None None
2021-03-05T13:31:06.700000Z  52.727  35.480  15.000  2.5  10  10   2 136.8  18.0 190 NaN None None
2021-03-06T09:28:34.900000Z  52.204  35.961  16.000  2.6  15  15   0 132.5   0.0  49 NaN None None
2021-03-08T11:24:49.400000Z  51.928  36.558  10.000  2.5  10   9   1 120.9  35.0 189 NaN None None
2021-03-11T13:53:15.300000Z  52.135  35.744  10.000  2.7  13  13   1  98.9  21.0  68 NaN None None
2021-03-12T16:52:07.000000Z  53.730  37.472  12.200  3.2  17  16   0 277.1 108.0 204 NaN None None
2021-03-14T20:48:31.900000Z  52.363  34.328  10.000  2.7  15  14   0 131.9  12.0  87 NaN None None
2021-03-18T23:42:23.200000Z  51.685  36.481  10.000  2.6  10  10   1 126.2  11.0 183 NaN None None
2021-03-19T19:57:36.500000Z  52.057  34.505  14.100  2.5  10  10   1 107.7  24.0 106 NaN None None
2021-03-20T05:54:16.000000Z  51.589  35.369  17.100  2.8   9   9   1  86.2  29.0  66 NaN None None
2021-03-20T06:36:33.200000Z  52.030  36.095   5.300  3.4  30  26   3 221.9  32.0 107 NaN None None
2021-03-25T13:06:03.200000Z  49.013  35.692  10.000  2.7   6   6   0  99.8  27.0  85 NaN None None
2021-03-26T07:11:21.500000Z  49.168  37.564  22.400  3.0  14  12   1 193.8  96.0 133 NaN None None
2021-03-27T21:11:18.300000Z  51.900  36.490   7.800  3.3  26  26   1 264.2  48.0 125 NaN None None
2021-03-29T20:21:37.700000Z  50.810  35.447  10.500  2.7  13  13   1 141.9  42.0 121 NaN None None
2021-03-30T09:50:04.100000Z  50.859  35.457   9.600  2.8  16  16   2 150.6  38.0 107 NaN None None
2021-03-31T01:24:57.800000Z  50.880  35.452   9.300  3.4  29  24   1 337.8  70.0 147 NaN None None
2021-04-01T20:48:45.900000Z  51.577  36.393  15.900  3.2  25  22   1 231.4   5.0  78 NaN None None
2021-04-02T16:33:33.900000Z  50.998  36.431   8.000  2.6  15  14   2 161.4  51.0 169 NaN None None
2021-04-06T02:00:54.400000Z  50.752  34.656  15.100  2.6  12  11   1 136.1  35.0 125 NaN None None
2021-04-07T19:33:55.400000Z  52.278  35.543  11.000  3.0  21  21   3 166.1  23.0  67 NaN None None
2021-04-15T08:34:32.100000Z  50.810  36.185   9.200  2.5  11  11   0 152.1  58.0 111 NaN None None
2021-04-22T12:33:58.700000Z  49.787  35.464  10.000  2.5  11  11   0 157.4  33.0  78 NaN None None
2021-04-23T04:50:00.200000Z  52.415  36.472  15.200  2.7  16  12   2 142.6  26.0 180 NaN None None
2021-04-30T17:21:12.800000Z  49.529  36.838   8.000  2.9  11  11   0 196.4  80.0 122 NaN None None
2021-05-03T12:46:55.200000Z  52.389  35.691  10.000  2.6   9   9   1  82.2  33.0 103 NaN None None
2021-05-03T13:08:26.600000Z  53.113  35.876  12.000  2.5   8   8   1  93.9  42.0 103 NaN None None
2021-05-12T11:02:08.900000Z  49.404  36.995   8.000  3.5  25  20   0 221.7  46.0  90 NaN None None
2021-05-19T22:16:29.000000Z  50.875  35.459   8.000  3.3  38  30   2 269.6  36.0  58 NaN None None
2021-05-19T22:25:40.800000Z  50.842  35.457   7.100  2.9  15  14   2 152.0  39.0  85 NaN None None
2021-05-21T23:59:59.900000Z  53.296  36.102   8.000  2.7   8   8   1 122.4  65.0 123 NaN None None
2021-05-23T23:27:33.000000Z  52.975  36.250   8.000  2.9   9   8   1 100.4  57.0 150 NaN None None
2021-05-30T20:32:36.700000Z  49.766  35.619  10.000  2.5  10  10   1 144.4  84.0 105 NaN None None
2021-05-30T21:24:11.000000Z  49.812  36.729   6.000  2.8  12  10   1 137.8  23.0  91 NaN None None
2021-05-31T05:49:45.100000Z  53.604  34.341   8.200  3.2  20  15   1 206.2 125.0  59 NaN None None
2021-05-31T08:23:08.900000Z  53.381  35.214  10.000  2.5   6   6   1  91.4  43.0 168 NaN None None
2021-06-01T19:25:06.300000Z  50.875  35.488   7.500  3.0  18  16   2 202.3  37.0  88 NaN None None
2021-06-04T22:59:40.500000Z  53.551  36.011   8.000  2.6  10  10   0 137.9  60.0  99 NaN None None
2021-06-05T07:24:08.700000Z  53.564  36.005   8.000  2.5  13  13   2 160.2  60.0  97 NaN None None
2021-06-05T22:39:31.600000Z  53.324  36.149   8.000  3.7  50  46   0 408.9  60.0 106 NaN None None
2021-06-06T18:16:41.900000Z  53.019  36.175  11.400  2.5   7   7   1  97.9  62.0 146 NaN None None
2021-06-09T18:14:05.800000Z  49.566  36.800  14.300  2.8  12  11   1 141.6  34.0  73 NaN None None
2021-06-10T12:07:08.500000Z  52.119  35.366  13.000  2.6  11  11   0 101.8  25.0  85 NaN None None
2021-06-10T23:44:34.800000Z  53.146  34.757  10.000  2.9  12  12   0 164.5  71.0 122 NaN None None
2021-06-12T16:22:23.600000Z  52.457  36.495  15.000  2.6   9   8   1 109.1  30.0 182 NaN None None
2021-06-14T05:19:05.100000Z  53.983  37.096   8.000  3.4  18  15   2 267.4  67.0 173 NaN None None
2021-06-14T05:27:12.500000Z  52.844  34.797   8.000  3.2  19  15   1 175.9  66.0  91 NaN None None
2021-06-17T05:36:04.300000Z  51.251  36.440  10.000  2.5   4   4   1 104.8  29.0 156 NaN None None
2021-06-20T12:17:56.300000Z  52.898  34.787  12.000  2.9   8   8   1 123.3  66.0 180 NaN None None
2021-06-23T14:11:01.400000Z  52.857  34.808   8.000  2.5  13  13   1 144.3  64.0 104 NaN None None
2021-06-26T01:05:25.000000Z  50.277  37.611  18.700  2.7  11  11   0 177.2  53.0 184 NaN None None
2021-06-26T18:01:51.000000Z  49.114  37.620   8.000  2.7  10   9   1 161.9  88.0 153 NaN None None
2021-06-27T14:32:08.300000Z  50.081  37.614  25.300  2.9   9   9   0 160.0  50.0 185 NaN None None
2021-07-04T15:52:39.400000Z  52.872  34.782   8.000  2.5   8   8   0 135.2  67.0 127 NaN None None
2021-07-07T08:31:21.800000Z  52.772  36.776  19.000  2.8  11  10   0 194.7  71.0 207 NaN None None
2021-07-20T10:30:57.300000Z  50.474  36.185  15.400  2.6   8   8   1 109.4  32.0 120 NaN None None
2021-07-22T00:03:34.400000Z  49.268  35.666   6.000  3.3  31  23   0 219.7  29.0  51 NaN None None
2021-07-22T16:01:30.000000Z  52.009  34.248   6.300  3.9  47  43   2 364.2 109.0  61 NaN None None
2021-07-26T20:54:16.300000Z  53.265  36.105  18.700  2.8  10  10   0 138.7  67.0 125 NaN None None
2021-07-28T05:13:38.300000Z  52.349  35.269  14.400  3.1  23  22   1 181.7  45.0  70 NaN None None
2021-07-30T21:05:14.600000Z  53.863  34.712  10.000  2.7  14  13   0 210.5  84.0  72 NaN None None
2021-08-03T14:18:45.500000Z  53.725  35.487  10.000  2.6   8   8   2 116.9  17.0 157 NaN None None
2021-08-06T14:35:26.500000Z  53.152  36.180  13.700  2.9  12  11   0 169.3  70.0 142 NaN None None
2021-08-09T19:22:12.500000Z  53.282  37.009  10.000  2.9   8   8   2 163.5  75.0 208 NaN None None
2021-08-12T09:50:34.400000Z  51.801  35.770   8.500  2.6  16  13   1 122.3  30.0  77 NaN None None
2021-08-15T12:41:49.700000Z  51.860  35.821   8.000  3.9  45  43   3 320.3  31.0  89 NaN None None
2021-08-21T23:29:18.000000Z  50.825  36.737  20.900  2.5   9   9   0 123.3  67.0 167 NaN None None
2021-08-23T09:46:10.600000Z  53.863  36.301  11.100  2.8   8   8   1 135.4  23.0 184 NaN None None
2021-08-26T05:35:13.300000Z  52.016  35.511   9.100  2.5  16  16   0 123.0   8.0  72 NaN None None
2021-08-28T18:45:30.200000Z  49.798  36.674  16.500  2.9  10  10   1 117.3  29.0 110 NaN None None
2021-08-30T02:25:40.900000Z  49.211  35.960  17.700  2.8   9   9   1  98.4  44.0 117 NaN None None
2021-08-31T18:06:27.400000Z  51.012  34.342  25.800  2.5   9   9   1 149.6  56.0 182 NaN None None
2021-09-01T11:45:43.500000Z  49.727  35.588  12.500  2.5  12  12   1 122.5  19.0  88 NaN None None
2021-09-12T22:18:48.200000Z  49.219  34.554  10.000  2.5   7   7   1 113.6  31.0 207 NaN None None
2021-09-15T17:08:05.500000Z  49.799  36.680  12.000  2.7  10  10   1 120.8  29.0 110 NaN None None
2021-09-20T02:10:55.800000Z  52.448  35.759   8.000  3.1  25  17   1 270.4  54.0  80 NaN None None
2021-09-21T02:05:42.800000Z  53.507  36.569   8.000  2.9   5   5   1 160.0  30.0 198 NaN None None
2021-09-22T14:40:39.400000Z  52.469  35.490   8.400  2.9  15  15   0 152.6  31.0  64 NaN None None
2021-09-25T00:26:29.600000Z  52.578  36.570  16.900  3.4  27  26   0 337.4  42.0 136 NaN None None
2021-09-29T19:21:27.800000Z  52.888  36.714   8.000  2.7   8   8   1 138.7  72.0 203 NaN None None
2021-10-06T01:47:53.800000Z  52.305  36.366  16.600  3.6  48  44   5 369.2  14.0 119 NaN None None
2021-10-11T04:37:37.600000Z  51.632  34.014  15.500  2.9  19  18   1 178.9  67.0 111 NaN None None
2021-10-13T00:17:48.200000Z  52.502  34.779   9.700  2.5  15  13   1 144.9  53.0  88 NaN None None
2021-10-14T00:41:54.000000Z  49.092  37.878  27.100  2.7   8   8   1 123.0  35.0 153 NaN None None
2021-10-18T17:18:48.000000Z  53.887  35.511   8.600  2.8   9   8   2 140.0   5.0 156 NaN None None
2021-10-21T06:12:38.800000Z  51.651  35.453  16.900  2.7  14  14   7  96.3  34.0  49 NaN None None
2021-10-21T15:01:06.100000Z  53.972  37.317  22.500  2.6   6   6   1 177.9  91.0 192 NaN None None
2021-10-24T02:36:17.500000Z  51.973  35.706  13.000  2.6  14  12   3  89.9  15.0  67 NaN None None
2021-10-29T20:06:05.400000Z  51.093  34.299  10.700  2.5  12  12   3 153.7  60.0 131 NaN None None
2021-10-31T11:04:34.700000Z  52.838  36.216   8.000  3.3  30  29   2 290.8  45.0 124 NaN None None
2021-11-01T21:25:08.900000Z  51.378  34.089   8.000  3.8  41  31   2 353.1  85.0  75 NaN None None
2021-11-02T07:58:29.800000Z  52.392  34.797  13.100  2.7  12  11   5 121.5  51.0 121 NaN None None
2021-11-02T09:34:18.900000Z  51.296  34.073   8.000  2.5  12  11   6 151.7  88.0 139 NaN None None
2021-11-03T04:41:55.000000Z  52.886  36.221  10.000  2.9  13  13   4 148.8  49.0 148 NaN None None
2021-11-03T11:56:17.000000Z  52.836  36.215   7.000  2.8  11  10   3 125.6  45.0 147 NaN None None
2021-11-05T19:23:03.200000Z  53.572  36.074   5.600  3.2  27  20   2 230.1  53.0  99 NaN None None
2021-11-15T10:35:08.400000Z  49.517  36.780   6.000  2.9  12  11   3 128.6  38.0  83 NaN None None
2021-11-21T13:43:50.100000Z  53.795  36.145  12.200  2.5   9   9   2 130.1  40.0 167 NaN None None
2021-12-04T20:35:41.000000Z  49.456  37.566  25.400  2.6  10   9   0 147.4  32.0 160 NaN None None
2021-12-05T20:01:53.800000Z  53.603  36.380   8.000  2.5   9   9   0 146.4  25.0 143 NaN None None
2021-12-08T10:50:04.600000Z  51.910  35.657   8.000  2.5  11  10   4  90.2   9.0  94 NaN None None
2021-12-12T23:06:00.100000Z  49.606  36.814   8.000  2.7  16  15   0 188.5  30.0  74 NaN None None
2021-12-13T03:39:32.900000Z  52.241  35.432  13.100  3.3  32  28   7 215.3  25.0  57 NaN None None
2021-12-14T06:47:41.400000Z  53.948  36.941  10.000  2.6   7   7   3 152.4  50.0 193 NaN None None
2021-12-16T03:24:21.500000Z  53.347  36.100  10.000  2.7   7   7   2  98.4  62.0 124 NaN None None
2021-12-23T15:49:37.500000Z  53.482  36.062   7.500  3.2  10   9   2 139.8  58.0 116 NaN None None
2021-12-27T20:10:52.200000Z  49.144  35.689   6.000  3.1  25  20   1 199.8  34.0  62 NaN None None
2021-12-30T19:21:03.500000Z  51.704  34.232   8.000  3.6  36  31   3 303.8  51.0  60 NaN None None
2022-01-03T19:19:28.700000Z  49.659  36.738   8.000  2.6   9   9   0 131.9  30.0  92 NaN None None
2022-01-06T23:47:45.400000Z  52.473  35.731   7.500  3.5  38  34   5 281.2  27.0  67 NaN None None
2022-01-09T00:42:21.400000Z  51.613  36.625   6.900  3.2  20  20   3 189.5  21.0 157 NaN None None
2022-01-09T08:29:05.800000Z  51.627  36.601  12.600  3.5  27  24   4 272.3  19.0 132 NaN None None
2022-01-10T18:17:40.700000Z  49.675  36.985  18.000  2.5   8   8   1 115.3  22.0 145 NaN None None
2022-01-14T10:19:44.900000Z  51.003  36.465   8.000  2.7  10  10   1 137.7  71.0 135 NaN None None
2022-01-16T00:40:18.500000Z  53.573  35.899  12.000  2.7   9   8   2 107.7  57.0 128 NaN None None
2022-01-16T14:38:15.600000Z  53.607  36.216  10.000  2.6   7   7   1 115.9  38.0 129 NaN None None
2022-01-17T06:39:47.100000Z  53.747  35.105   8.500  2.7   8   8   1 148.4  43.0 188 NaN None None
2022-01-20T01:37:17.200000Z  51.731  34.248   9.100  4.9  66  65   3 464.9  48.0  41 NaN None None
2022-01-20T02:48:09.400000Z  51.667  34.225   8.000  2.8  13  12   2 154.5  86.0 118 NaN None None
2022-01-20T23:45:00.100000Z  51.683  34.243   9.000  2.8  13  13   0 155.0  53.0  96 NaN None None
2022-01-21T19:02:58.800000Z  51.673  34.221   8.000  2.7  13  13   0 156.0  54.0 118 NaN None None
2022-01-22T16:33:06.500000Z  49.038  37.581  18.000  2.6   7   6   1 105.3   5.0 127 NaN None None
2022-01-22T18:39:40.200000Z  51.642  34.243   9.400  3.7  30  28   2 301.8  56.0  68 NaN None None
2022-01-23T18:04:34.000000Z  51.993  35.789  14.100  3.6  32  30   6 251.5  24.0  60 NaN None None
2022-01-25T10:36:55.900000Z  52.592  35.697   6.000  2.5  15  12   2 124.1  16.0  72 NaN None None
2022-01-25T11:38:06.700000Z  53.314  34.264   7.300  3.9  25  22   1 258.7  99.0  49 NaN None None
2022-01-28T08:42:48.800000Z  52.608  36.125   8.300  3.1  19  18   5 165.3  27.0 125 NaN None None
2022-01-29T11:56:03.500000Z  53.427  35.320  13.000  2.9  11  11   0 137.1  43.0 156 NaN None None
2022-01-31T00:59:41.000000Z  51.688  34.225   8.000  2.7  13  12   1 140.5  53.0 116 NaN None None
2022-01-31T02:22:54.700000Z  51.863  35.236  18.000  3.0  21  19   5 140.9  29.0  35 NaN None None
2022-01-31T22:56:58.900000Z  49.288  35.038   9.400  2.8  13  11   1 166.6  28.0 105 NaN None None
2022-02-01T19:27:36.600000Z  53.210  34.559   8.500  2.6   9   9   0 156.1  94.0 130 NaN None None
2022-02-08T05:17:15.200000Z  52.058  36.468   8.500  3.1  21  19   2 218.9  35.0 144 NaN None None
2022-02-11T19:31:10.500000Z  53.599  36.077  11.000  2.6   8   8   1 119.7  52.0 104 NaN None None
2022-02-11T19:32:45.000000Z  53.573  36.065  12.000  2.5   9   9   2 118.9  54.0 101 NaN None None
2022-02-21T08:32:47.800000Z  51.722  34.208   9.400  2.5  11  10   3 126.2  50.0 131 NaN None None
2022-02-22T02:48:34.400000Z  52.835  35.803   8.000  3.2  33  29   4 274.0  19.0  91 NaN None None
2022-02-22T09:08:46.700000Z  49.053  35.009  10.000  2.7   5   5   1  94.8  22.0 125 NaN None None
2022-02-23T02:48:26.200000Z  51.701  34.210   8.000  3.7  36  35   1 357.7  52.0  60 NaN None None
2022-02-23T02:55:33.800000Z  51.725  34.206   8.000  3.2  20  18   4 175.3  50.0  82 NaN None None
2022-02-23T16:39:47.900000Z  51.709  34.206   8.000  2.8  13  12   1 140.7  52.0 116 NaN None None
2022-02-28T04:29:00.800000Z  53.302  36.952  14.000  2.6   5   5   4 139.9  69.0 268 NaN None None
2022-03-01T11:29:44.600000Z  50.624  35.117  10.000  2.7   8   8   0 107.0  43.0 130 NaN None None
2022-03-05T17:44:41.600000Z  54.000  36.121   8.000  2.8  13  12   1 175.8  45.0  70 NaN None None
2022-03-10T02:58:31.400000Z  52.895  35.975   8.500  4.1  52  51   5 394.1  39.0 114 NaN None None
2022-03-11T03:52:08.300000Z  49.741  36.622   8.000  2.6   6   6   1 149.9  37.0 120 NaN None None
2022-03-18T16:17:08.300000Z  53.572  36.016   8.900  4.1  41  41   3 389.1  68.0 117 NaN None None
2022-03-22T12:04:20.400000Z  49.265  36.826   7.000  2.7   9   9   0 155.3  55.0  89 NaN None None
2022-03-24T01:46:37.900000Z  53.615  35.811   8.000  2.8  12  12   1 145.0  47.0  81 NaN None None
2022-03-24T12:01:53.300000Z  51.920  36.004   8.000  2.6  12  12   0 103.8  29.0  88 NaN None None
2022-03-26T06:57:19.000000Z  50.864  34.432   8.000  2.5  12  12   2 145.2  49.0 102 NaN None None
2022-03-31T21:58:34.000000Z  53.758  35.591   8.000  2.8   9   9   1 138.0  20.0 130 NaN None None
2022-04-03T13:16:45.100000Z  49.077  37.946  25.700  2.6  10   8   1 132.8  42.0 149 NaN None None
2022-04-05T10:19:07.700000Z  50.635  35.085   8.000  2.5   9   9   1 114.3  47.0 133 NaN None None
2022-04-06T09:25:42.900000Z  49.848  35.530   6.000  2.5  10   7   3 160.9  53.0 149 NaN None None
2022-04-08T23:22:50.000000Z  53.071  36.120  10.000  2.7   9   9   1 105.9  60.0 133 NaN None None
2022-04-09T13:03:14.400000Z  51.340  34.208   8.000  2.8  12  12   3 147.9  75.0 162 NaN None None
2022-04-15T05:14:27.500000Z  53.940  37.358  12.100  2.9   9   8   1 185.8  95.0 226 NaN None None
2022-04-17T09:44:20.700000Z  49.753  35.187   8.000  3.7  26  22   1 218.0  69.0 104 NaN None None
2022-04-17T10:48:42.000000Z  49.747  35.202   6.000  2.5   8   7   1 136.1  69.0 175 NaN None None
2022-04-18T14:13:01.000000Z  51.711  34.212   8.000  2.5   8   7   2 126.7  87.0 133 NaN None None
2022-04-18T22:01:32.900000Z  53.180  36.240  19.800  3.7  46  46   2 401.3  65.0  93 NaN None None
2022-04-18T22:31:10.500000Z  52.991  36.234   8.000  3.7  44  43   3 381.0  59.0  97 NaN None None
2022-04-23T00:46:15.300000Z  53.846  35.079  10.200  2.7   6   6   1 130.9  44.0 257 NaN None None
2022-04-26T18:54:56.900000Z  52.306  35.770   9.800  2.8  12  12   1  92.8  33.0  86 NaN None None
2022-04-27T18:12:47.400000Z  49.398  36.985   8.500  3.3  28  25   0 263.8  46.0  88 NaN None None
2022-05-01T08:46:14.700000Z  53.237  35.901   8.100  3.3  26  24   3 282.7  52.0  93 NaN None None
2022-05-06T11:20:51.400000Z  50.437  34.230  10.200  2.5   6   5   2 152.4  89.0 181 NaN None None
2022-05-09T21:11:30.500000Z  51.805  36.463   8.400  2.7  11  11   4 123.1  21.0 185 NaN None None
2022-05-13T04:43:28.400000Z  53.079  35.907   8.000  3.6  38  38   3 324.3  42.0  98 NaN None None
2022-05-25T09:33:30.500000Z  49.157  36.168   9.400  3.4  23  16   2 203.3 108.0  57 NaN None None
2022-05-25T22:02:22.400000Z  49.101  37.824  20.200  3.4  15  13   4 188.9  29.0 140 NaN None None
2022-05-27T12:03:11.900000Z  51.291  35.092  12.100  3.8  36  32   5 340.4  38.0  65 NaN None None
2022-05-29T09:52:30.200000Z  49.048  35.601  11.700  2.8   8   8   0 200.8  87.0  93 NaN None None
2022-05-30T16:42:57.100000Z  49.004  37.054   8.000  4.0  31  27   2 285.0  57.0  74 NaN None None
2022-06-01T21:22:54.800000Z  49.147  35.768  10.000  2.8   9   7   0 185.4 108.0 122 NaN None None
2022-06-04T11:47:15.400000Z  53.896  36.717   8.000  4.1  46  44   3 450.7  25.0 131 NaN None None
2022-06-04T13:03:18.500000Z  53.939  36.720   8.000  2.7  10  10   1 151.4  26.0 159 NaN None None
2022-06-07T15:02:03.500000Z  49.121  37.619  15.900  2.7   7   7   1 149.2   7.0 154 NaN None None
2022-06-10T23:57:03.000000Z  51.720  34.219   6.000  3.1  26  23   3 250.8  86.0  69 NaN None None
2022-06-13T18:24:46.700000Z  51.709  34.199  10.000  2.9  11  10   2 145.3  88.0 133 NaN None None
2022-06-14T15:30:19.900000Z  49.702  36.684   8.600  4.6  67  65   2 492.0  32.0  53 NaN None None
2022-06-14T15:39:17.400000Z  49.677  36.654   6.900  3.3  15  14   2 168.2  36.0 104 NaN None None
2022-06-14T16:54:46.900000Z  51.691  34.221   8.000  2.5   9   9   3 144.2  86.0 125 NaN None None
2022-06-14T22:36:32.800000Z  50.843  35.617  25.500  2.7  12  11   3  83.2  36.0 120 NaN None None
2022-06-21T03:49:00.400000Z  50.446  37.468   8.900  3.6  30  28   0 310.6  48.0 104 NaN None None
2022-06-26T16:48:57.300000Z  49.714  37.520   8.300  2.6   7   7   0 146.6  55.0 203 NaN None None
2022-06-26T23:50:17.700000Z  53.249  35.379  11.300  3.5  30  30   3 315.9  26.0  63 NaN None None
2022-06-28T18:21:14.300000Z  52.547  35.355   6.800  2.6   9   9   1  94.3  37.0 157 NaN None None
2022-07-02T03:13:46.800000Z  50.608  37.059  10.100  2.9  10   9   1 200.0  64.0 147 NaN None None
2022-07-03T14:05:33.300000Z  50.301  37.359  12.000  4.2  35  33   1 364.5  30.0 133 NaN None None
2022-07-09T10:07:43.100000Z  49.879  36.607   8.300  3.2  17  13   0 200.7  35.0  81 NaN None None
2022-07-11T15:56:09.000000Z  51.606  36.035   7.600  3.4  30  26   4 245.1  37.0  68 NaN None None
2022-07-12T16:03:58.500000Z  52.932  35.843  10.000  2.7   7   7   1  76.8  28.0  98 NaN None None
2022-07-13T04:56:11.100000Z  52.810  36.750  24.000  2.5   7   7   2 120.8  70.0 213 NaN None None
2022-07-20T20:06:36.500000Z  51.757  34.208   8.000  2.7   9   8   1 138.4  87.0 128 NaN None None
2022-07-24T00:50:16.500000Z  53.871  36.461   7.600  3.8  22  22   1 317.2   6.0  92 NaN None None
2022-07-25T14:38:14.800000Z  53.264  35.215   4.400  3.6  36  35   4 319.5  33.0  56 NaN None None
2022-07-29T06:17:51.600000Z  50.098  35.574  10.000  2.5   7   6   0 166.3 113.0 183 NaN None None
2022-08-08T02:44:14.000000Z  52.224  36.301  10.000  2.5   8   7   2  92.3  12.0 156 NaN None None
2022-08-12T18:21:14.100000Z  49.146  37.600  20.200  4.3  41  37   4 361.3   6.0 107 NaN None None
2022-08-13T01:08:53.600000Z  52.330  35.253  10.600  2.8  10  10   1 111.9  45.0 118 NaN None None
2022-08-16T23:21:12.800000Z  52.010  36.583   8.400  2.8  10   9   1 135.8  43.0 205 NaN None None
2022-08-25T20:18:09.500000Z  51.193  36.615   7.800  2.5  10   7   0 138.3  39.0 185 NaN None None
2022-08-28T05:20:00.200000Z  52.534  36.206  22.800  3.6  29  29   7 300.5   0.0  65 NaN None None
2022-08-28T07:35:01.100000Z  52.548  36.190  15.300  3.4  19  18   7 227.2   0.0  73 NaN None None
2022-08-31T07:05:09.600000Z  52.210  35.992   8.000  2.5  10  10   2 116.1  30.0  91 NaN None None
2022-09-02T03:59:41.300000Z  50.223  35.052  11.000  3.5  29  25   4 350.0  80.0  84 NaN None None
2022-09-07T20:17:07.100000Z  49.256  36.765   7.000  2.5   8   5   0 192.4 146.0 205 NaN None None
2022-09-10T14:49:07.400000Z  53.159  36.054   8.600  2.8   9   9   2 161.2  59.0 143 NaN None None
2022-09-12T14:59:23.900000Z  53.481  36.031   8.000  2.9   7   7   2 148.1  61.0 204 NaN None None
2022-09-19T04:36:50.400000Z  53.188  34.539  11.800  2.5   9   9   0 166.9  96.0 171 NaN None None
2022-09-25T03:12:49.300000Z  51.395  34.091  11.700  2.9  13  10   4 163.6  87.0 111 NaN None None
2022-09-26T13:16:06.300000Z  49.615  35.620  15.400  2.8   9   9   1 159.3  70.0 105 NaN None None
2022-09-27T15:52:04.000000Z  53.219  36.208   8.000  2.6   9   9   1 120.9  64.0 139 NaN None None
2022-10-02T14:45:03.700000Z  49.243  36.956   5.700  3.1  17  10   1 182.3  60.0 104 NaN None None
2022-10-05T14:59:39.300000Z  52.547  36.739  12.000  2.6   8   8   1 126.3  58.0 213 NaN None None
2022-10-19T04:40:22.300000Z  53.205  35.040  10.000  2.5   6   6   4 139.1  78.0 245 NaN None None
2022-10-30T11:49:47.100000Z  50.069  36.590  17.400  2.5   3   3   1 161.0 135.0 235 NaN None None
2022-10-31T21:31:01.900000Z  49.246  36.933   9.200  3.2  19  15   2 207.6  59.0 102 NaN None None
2022-11-03T19:43:35.600000Z  53.787  36.164   8.000  2.9  15  13   2 238.4  38.0  87 NaN None None
2022-11-07T08:46:04.600000Z  51.848  35.811   8.000  2.6   9   9   4  82.8  31.0  79 NaN None None
2022-11-07T18:31:09.200000Z  53.097  35.872  15.200  2.5   7   7   2 109.6  40.0 188 NaN None None
2022-11-12T16:58:20.100000Z  52.353  36.239   6.400  2.6   6   6   4  74.5   1.0 149 NaN None None
2022-11-20T06:18:10.500000Z  53.645  37.371   8.400  2.8   6   6   0 192.2  98.0 200 NaN None None
2022-11-21T22:09:47.800000Z  53.148  35.130  17.000  2.8   7   6   2 133.6  67.0 239 NaN None None
2022-11-26T22:12:18.200000Z  53.189  34.810   8.900  3.3  26  24   3 289.0 100.0  50 NaN None None
2022-11-27T04:37:35.000000Z  51.077  35.135  10.700  2.9  13  13   1 114.9   0.0  78 NaN None None
2022-11-29T16:15:26.400000Z  53.873  36.687  10.000  2.6   5   5   1 126.0  21.0 287 NaN None None
2022-12-08T04:37:34.500000Z  51.844  36.377  20.000  4.1  48  47   6 421.3  26.0 123 NaN None None
2022-12-09T19:26:31.200000Z  50.309  37.168   8.000  2.7  10  10   0 207.8  45.0 184 NaN None None
2022-12-10T09:13:12.800000Z  50.586  37.495  18.600  2.5   8   8   0 242.4  87.0 246 NaN None None
2022-12-11T10:57:24.500000Z  49.935  35.557   7.500  2.9  16  13   2 186.0  98.0  91 NaN None None
2022-12-12T12:22:06.900000Z  49.045  37.502   9.500  2.5   5   5   0 136.4  98.0 209 NaN None None
2022-12-12T12:23:17.000000Z  49.021  37.583  23.500  2.9   7   7   0 121.1   7.0 126 NaN None None
2022-12-13T17:38:36.400000Z  50.859  36.644  10.000  2.9  10  10   1 167.3  67.0 162 NaN None None
2022-12-14T07:25:48.900000Z  50.367  34.730  14.000  2.8   7   6   2 146.2  65.0 246 NaN None None
2022-12-15T09:00:06.500000Z  49.627  36.917  20.600  2.5   5   5   1 132.8  25.0 147 NaN None None
2022-12-16T01:41:01.200000Z  52.661  34.984   8.400  3.6  47  47   7 361.8  73.0  49 NaN None None
2022-12-16T01:49:48.000000Z  52.683  34.951   8.000  2.9   9   9   1 125.1  77.0 147 NaN None None
2022-12-16T01:53:22.400000Z  52.663  34.967   8.300  2.8   9   9   1 123.7  75.0 145 NaN None None
2022-12-16T01:57:29.200000Z  52.665  34.995  10.000  2.9  11  10   2 137.0  72.0 144 NaN None None
2022-12-16T02:03:34.000000Z  52.685  34.980  20.000  2.9   8   8   1 122.4  74.0 145 NaN None None
2022-12-16T02:35:55.300000Z  52.666  34.957  10.000  2.8  10   9   1 124.2  76.0 146 NaN None None
2022-12-16T05:16:47.400000Z  52.189  36.399   8.100  3.3  31  30   5 282.4  22.0 119 NaN None None
2022-12-16T06:34:43.200000Z  52.646  34.956  11.000  3.3  33  30   5 287.2  55.0  56 NaN None None
2022-12-20T20:46:40.400000Z  53.594  35.061  12.500  3.1  19  18   6 234.1  54.0  76 NaN None None
2022-12-21T05:52:03.100000Z  49.355  35.359  10.000  2.5   4   4   2 122.2  47.0 156 NaN None None
2022-12-24T18:17:25.300000Z  53.197  35.104   6.000  3.3  22  20   4 278.4  77.0  51 NaN None None
2022-12-25T17:11:47.400000Z  53.636  35.102  10.000  2.5   8   8   3 121.1  48.0 205 NaN None None
2022-12-26T02:25:21.000000Z  52.910  34.985   8.000  3.2  23  19   2 298.5  93.0  63 NaN None None
2023-01-02T08:48:55.500000Z  51.907  35.410  24.300  2.5  10  10   6  88.8  22.0 108 NaN None None
2023-01-02T15:35:58.200000Z  53.911  36.334   7.700  3.0  16  15   0 271.8  20.0  75 NaN None None
2023-01-02T19:54:58.700000Z  53.211  36.148  17.300  2.5   6   6   1 103.3  68.0 175 NaN None None
2023-01-06T02:35:13.300000Z  52.452  35.637   8.500  2.7  14  14   3 108.5  27.0  61 NaN None None
2023-01-07T02:41:05.700000Z  53.242  35.907   8.000  3.9  44  42   3 415.2  53.0  93 NaN None None
2023-01-07T04:58:05.000000Z  53.256  35.924   6.000  3.6  30  29   4 333.6  55.0 106 NaN None None
2023-01-07T08:04:45.900000Z  53.284  35.887   8.000  3.2  24  23   5 228.3  55.0 101 NaN None None
2023-01-09T08:21:27.900000Z  52.458  35.024   8.500  4.0  39  36   9 298.9  60.0  57 NaN None None
2023-01-09T08:41:17.300000Z  52.497  35.019  16.000  2.8  10  10   0 127.1  58.0 115 NaN None None
2023-01-09T08:50:12.900000Z  52.482  35.013   8.000  2.6  10  10   0 127.2  60.0 115 NaN None None
2023-01-09T14:04:47.000000Z  52.454  35.021   9.400  2.7  11  11   1 112.7  61.0 126 NaN None None
2023-01-10T15:50:06.900000Z  52.456  35.021   9.100  3.4  24  22   8 236.7  67.0  72 NaN None None
2023-01-10T21:25:47.900000Z  51.863  35.810   7.500  2.5  10  10   3  76.3  30.0  77 NaN None None
2023-01-11T09:20:44.000000Z  52.478  35.029  10.100  2.7  10  10   2 118.1  59.0 114 NaN None None
2023-01-13T21:44:48.300000Z  52.665  34.937  12.000  2.7   8   8   2 158.4  86.0 157 NaN None None
2023-01-15T15:24:37.800000Z  49.649  34.035  10.000  2.9   9   8   0 222.1 132.0 168 NaN None None
2023-01-17T05:05:51.700000Z  53.254  35.882   9.400  3.2  26  26   3 328.3  53.0 101 NaN None None
2023-01-17T17:43:07.900000Z  52.924  36.511  22.000  4.2  52  51   8 425.8  61.0 124 NaN None None
2023-01-17T18:05:33.700000Z  52.957  36.526  22.200  2.7  10  10   4 148.9  64.0 159 NaN None None
2023-01-19T19:27:16.900000Z  49.912  34.458   6.500  2.8  10   9   1 173.5  82.0 154 NaN None None
2023-01-21T16:18:29.200000Z  53.749  36.668   6.700  2.9   9   9   1 150.2  20.0 158 NaN None None
2023-01-29T02:10:38.200000Z  49.599  35.814  12.000  3.7  22  20   1 328.9 126.0  87 NaN None None
2023-01-30T12:51:50.500000Z  51.970  35.973   5.000  2.7  11  10   1 109.8  44.0  98 NaN None None
2023-02-03T06:13:42.600000Z  53.942  37.123   5.800  2.9   9   8   1 175.7  70.0 196 NaN None None
2023-02-06T11:36:20.900000Z  53.937  36.947  13.900  3.7  12  12   2 210.6  50.0 171 NaN None None
2023-02-06T17:34:22.700000Z  53.508  35.872   9.900  2.7   6   6   0 101.2  58.0 125 NaN None None
2023-02-08T06:19:47.900000Z  49.170  37.595  25.900  3.7  17  13   2 216.8   7.0 135 NaN None None
2023-02-13T16:16:58.800000Z  51.568  36.557  21.000  3.4  21  20   6 217.7  13.0 121 NaN None None
2023-02-15T09:01:47.200000Z  52.027  35.786  14.800  3.0  12  12   8  98.7  23.0  65 NaN None None
2023-02-22T16:37:12.400000Z  52.636  34.857  14.200  2.7  12  12   0 144.8  65.0 129 NaN None None
2023-02-24T05:03:34.600000Z  51.647  37.328   8.000  3.7  19  18   1 275.2  99.0 177 NaN None None
2023-03-02T21:38:55.700000Z  50.266  36.605   6.000  2.9  10   9   2 185.4  47.0 141 NaN None None
2023-03-11T17:03:43.900000Z  52.933  36.501  20.800  2.6   6   6   0 104.8  61.0 183 NaN None None
2023-03-12T20:28:09.300000Z  50.070  36.545   6.000  2.9  10   9   0 210.1  44.0 150 NaN None None
2023-03-15T00:50:55.100000Z  52.662  34.958  10.000  2.7   6   6   1 101.4  54.0 202 NaN None None
2023-03-18T05:24:23.400000Z  51.030  36.468   7.600  3.0  14  14   3 181.2  86.0 136 NaN None None
2023-04-06T14:35:08.100000Z  49.942  35.227   7.600  2.5   7   7   1 159.1 103.0 151 NaN None None
2023-04-07T03:12:26.400000Z  53.266  35.226   8.000  3.2  25  23   4 281.1  33.0  56 NaN None None
2023-04-07T11:38:05.700000Z  53.278  35.128   8.000  2.8   9   7   0 132.1  69.0 205 NaN None None
2023-04-07T13:40:50.400000Z  51.707  34.299  10.000  2.7   8   6   2 124.6  77.0 273 NaN None None
2023-04-07T14:24:07.900000Z  51.645  34.209  28.000  2.8   8   8   2 128.2  88.0 139 NaN None None
2023-04-09T20:33:28.000000Z  52.047  35.194  12.000  3.0  22  19   6 169.8  37.0  65 NaN None None
2023-04-11T09:34:25.000000Z  49.018  35.778   6.000  2.9  10   9   1 172.0  35.0  85 NaN None None
2023-04-14T03:04:09.700000Z  52.565  35.347  10.000  2.9   9   9   2  92.5  36.0 159 NaN None None
2023-04-18T18:18:57.800000Z  52.911  36.249   6.000  2.7   9   8   1 133.0  51.0 162 NaN None None
2023-04-19T00:03:42.700000Z  49.499  36.969   6.000  2.9  15  14   1 207.7  37.0  86 NaN None None
2023-04-22T07:30:39.300000Z  53.618  34.865  10.000  2.5   9   8   0 175.8  72.0 187 NaN None None
2023-04-27T14:53:24.400000Z  52.164  36.393   6.000  2.6  10   8   1 108.9  23.0 220 NaN None None
2023-04-29T13:00:33.100000Z  49.998  36.967   6.000  2.5   7   7   0 207.4   9.0 154 NaN None None
2023-05-02T18:14:36.900000Z  51.432  34.342  13.000  4.0  46  44   3 407.9  77.0  67 NaN None None
2023-05-02T22:43:50.100000Z  49.846  36.687   8.000  2.8  12  11   0 192.8  27.0  88 NaN None None
2023-05-05T02:10:23.400000Z  49.854  36.618   8.000  3.1  21  18   1 212.8  34.0  89 NaN None None
2023-05-05T06:58:39.000000Z  50.900  35.683  11.400  3.8  30  30   5 253.6  44.0  72 NaN None None
2023-05-08T18:52:56.300000Z  51.130  36.473  12.100  3.0  23  21   3 211.4  39.0 147 NaN None None
2023-05-13T07:43:53.900000Z  52.962  35.867   8.000  2.5   9   8   2  90.4  28.0 147 NaN None None
2023-05-14T22:59:22.600000Z  50.018  34.749   8.000  2.5  11  10   0 164.1  96.0  94 NaN None None
2023-05-16T00:41:03.500000Z  53.256  36.150   6.000  3.1  23  21   5 247.5  41.0 121 NaN None None
2023-05-16T09:49:04.200000Z  49.470  36.800   6.000  2.9  15  13   1 185.4  42.0  88 NaN None None
2023-05-21T10:30:50.300000Z  53.985  36.878   6.700  2.6   8   8   0 166.4  44.0 166 NaN None None
2023-06-01T15:36:28.700000Z  53.779  35.648   8.000  3.4  38  35   6 277.6  23.0  64 NaN None None
2023-06-07T06:07:55.300000Z  53.259  36.830  16.000  2.7   9   9   4 148.5  63.0 253 NaN None None
2023-06-13T19:17:38.400000Z  49.050  37.564  13.300  2.5   7   7   0 142.0  93.0 144 NaN None None
2023-06-17T14:23:01.600000Z  51.581  36.134   8.000  3.3  24  18   3 179.8  34.0  68 NaN None None
2023-06-17T21:45:20.800000Z  51.987  35.229  12.000  2.9  13  13   1 110.3  35.0  86 NaN None None
2023-06-30T19:58:26.700000Z  53.278  35.932   8.000  2.5  13  13   0 133.6  45.0 106 NaN None None
2023-07-06T01:19:14.300000Z  53.618  36.303   9.600  2.5   7   7   1 103.0  29.0 169 NaN None None
2023-07-07T17:33:08.900000Z  53.015  34.718   7.300  2.9  12  11   1 146.3  74.0 202 NaN None None
2023-07-09T01:44:02.800000Z  49.830  36.542  10.000  2.9  14  13   1 189.1  95.0 124 NaN None None
2023-07-11T03:34:59.000000Z  51.509  35.550  15.500  3.5  36  33   7 250.3  24.0  61 NaN None None
2023-07-11T07:48:30.300000Z  50.379  36.762  19.200  2.9  13  10   2 177.9  46.0 161 NaN None None
2023-07-15T02:23:51.500000Z  50.489  34.617   9.400  3.1  28  26   2 265.8 116.0  91 NaN None None
2023-07-18T01:59:17.500000Z  53.321  35.580  15.600  2.9  19  18   5 212.7  40.0  63 NaN None None
2023-07-19T14:14:46.300000Z  53.802  36.351   8.000  4.4  59  57   4 437.4  17.0  74 NaN None None
2023-07-21T13:38:27.600000Z  51.541  34.293   8.000  3.0  16  12   2 151.6  65.0 113 NaN None None
2023-07-24T14:50:03.000000Z  49.444  36.339   5.000  3.2  22  17   0 188.7  71.0  53 NaN None None
2023-07-24T19:12:00.200000Z  49.654  36.814   8.000  2.8  10  10   0 144.9  26.0  74 NaN None None
2023-08-02T21:13:09.600000Z  51.792  35.182   8.200  3.5  26  24   7 244.8  22.0  53 NaN None None
2023-08-03T12:42:24.900000Z  50.529  36.778  28.000  2.5   6   6   1 114.6  58.0 154 NaN None None
2023-08-08T12:34:47.000000Z  53.715  36.033   7.000  2.8  11  10   4 107.1  20.0 153 NaN None None
2023-08-17T15:26:32.100000Z  52.259  35.563  10.900  2.9  12   9   2  68.6  21.0 111 NaN None None
2023-08-17T21:39:33.000000Z  51.181  34.405  10.000  2.6   8   7   1 149.6  82.0 127 NaN None None
2023-08-19T10:18:30.800000Z  52.043  35.790   7.900  3.9  59  58   8 357.1  24.0  58 NaN None None
2023-08-19T11:12:27.500000Z  52.018  35.787  14.000  2.5  10  10   6  75.0  23.0  65 NaN None None
2023-08-23T07:43:28.000000Z  53.597  35.050  13.500  2.9   8   8   1 121.2  55.0 236 NaN None None
2023-08-25T18:10:35.400000Z  52.440  34.531   7.600  4.2  52  49   4 375.1  83.0  49 NaN None None
2023-08-25T19:00:29.800000Z  52.461  34.553   8.200  3.8  40  36   2 352.1  83.0  50 NaN None None
2023-08-27T15:35:30.900000Z  51.707  34.204  10.000  2.7  13  13   0 188.5  88.0 117 NaN None None
2023-08-29T21:59:08.400000Z  51.587  36.472  19.100  2.9  15  14   0 160.4   4.0 148 NaN None None
2023-08-30T06:46:53.200000Z  53.751  35.808  14.700  2.7   8   8   2 114.9  45.0 239 NaN None None
2023-09-02T18:17:31.900000Z  50.881  36.978  10.000  2.5   8   7   1 150.9  86.0 213 NaN None None
2023-09-05T06:46:52.400000Z  49.225  35.590   6.000  2.8  16  13   0 217.6  35.0  98 NaN None None
2023-09-08T18:14:14.000000Z  49.149  35.603   9.000  3.4  29  23   2 314.8  41.0  71 NaN None None
2023-09-16T03:06:01.700000Z  51.889  36.482  16.000  2.7   7   7   3 107.4  48.0 243 NaN None None
2023-09-17T00:44:50.700000Z  53.354  36.388   8.000  2.9   9   9   1 119.3  36.0 173 NaN None None
2023-09-17T14:47:53.600000Z  53.653  36.302  10.000  2.5   9   9   3  96.2  11.0 129 NaN None None
2023-09-20T00:21:49.300000Z  52.367  35.835  10.000  2.6  10   9   2  75.0  41.0  94 NaN None None
2023-09-21T14:10:38.900000Z  49.826  35.554  11.200  2.5   6   6   2 120.0  28.0 118 NaN None None
2023-09-22T06:02:51.200000Z  52.107  35.050   8.000  2.5  10   9   1 133.7  59.0 120 NaN None None
2023-09-25T17:33:40.000000Z  49.239  35.751   6.500  2.9   9   9   0 168.4  31.0 130 NaN None None
2023-09-26T09:42:55.600000Z  52.796  36.225  14.000  2.6   9   9   4  76.3  16.0 148 NaN None None
2023-09-30T10:54:41.000000Z  49.942  35.656   6.000  2.8  10   8   4 148.1  33.0 111 NaN None None
2023-10-10T13:48:50.000000Z  52.609  34.660  10.000  2.5   8   7   2 145.0  86.0 280 NaN None None
2023-10-29T03:51:39.700000Z  49.934  37.465  10.000  2.7  10   7   0 254.3 140.0 163 NaN None None
2023-10-30T11:36:36.200000Z  49.608  34.885   8.000  2.8  15  13   1 179.9  91.0  71 NaN None None
2023-11-03T18:35:39.400000Z  50.670  37.568  11.000  3.3  18  17   0 299.6  70.0 184 NaN None None
2023-11-08T17:51:26.700000Z  51.062  36.567   9.000  3.2  16  15   7 171.1  48.0 144 NaN None None
2023-11-10T11:40:32.600000Z  51.978  35.202  10.000  2.8  13  10   1 118.7  42.0  95 NaN None None
2023-11-10T13:47:56.800000Z  50.704  34.574   8.000  4.3  62  60   3 456.1 109.0  61 NaN None None
2023-11-11T03:47:13.100000Z  52.160  36.395  19.900  2.5  11   9   2 111.5  23.0 192 NaN None None
2023-11-11T08:31:52.900000Z  50.701  34.593  10.000  2.9  19  16   0 212.6 115.0  80 NaN None None
2023-11-12T19:51:16.200000Z  50.939  35.433   9.500  2.7  11  11   0 135.8  31.0 125 NaN None None
2023-11-20T09:48:04.400000Z  50.638  34.979  10.900  2.5   8   8   0 162.6  99.0 155 NaN None None
2023-11-22T01:02:24.300000Z  49.100  37.608  23.000  3.1  11  11   1 243.5   5.0 120 NaN None None
2023-11-22T23:50:05.700000Z  49.153  37.560  24.600  2.8  13  11   1 231.6  92.0 135 NaN None None
2023-11-27T10:20:12.700000Z  52.134  34.345  22.200  2.9  11  11   3 115.4  10.0 108 NaN None None
2023-11-29T14:34:33.800000Z  49.626  36.801   7.200  2.8  11  11   1 200.6  29.0 115 NaN None None
2023-11-29T15:00:16.100000Z  53.415  35.847   6.000  3.4  41  39   4 326.3  47.0  89 NaN None None
2023-12-01T01:38:50.100000Z  51.228  36.228  10.000  2.5  14  13   0 172.2  39.0 127 NaN None None
2023-12-10T00:33:50.400000Z  50.497  35.447  11.100  2.9  11  11   0 151.0  87.0 158 NaN None None
2023-12-15T16:19:51.100000Z  49.844  36.467   9.000  3.2  17  14   1 241.5  87.0 138 NaN None None
2023-12-21T05:40:53.400000Z  50.019  36.180   5.700  3.1  24  23   1 225.5  63.0  70 NaN None None
2023-12-26T19:31:44.600000Z  53.866  36.988   8.700  2.9  10  10   1 140.4  54.0 199 NaN None None