     LON     LAT   DEPTH     MAG    PHUSD   NO_ST   MIND     GAP     RMS     SEH     SEZ  YYYY MM DD HH MN SEC
  56.268  27.487    13.5     2.8      99      99    99.0     360   0.205     5.8     3.7  2021 10 14 14 17 47.25
  56.078  27.572    18.1     6.2      99      99    99.0     360   0.329     4.2     2.8  2021 11 14 12 07 04.07
  56.176  27.545     9.3     6.3      99      99    99.0     360   0.451     3.4     2.3  2021 11 14 12 08 37.95
  56.218  27.444    27.3     4.2      99      99    99.0     360   0.364    28.7    15.7  2021 11 14 12 40 52.10
  56.108  27.515    15.2     4.0      99      99    99.0     360   0.369     6.2     4.3  2021 11 14 12 52 37.81
  56.139  27.561    20.8     4.0      99      99    99.0     360   0.212     4.6     3.6  2021 11 14 13 13 15.83
  56.137  27.591    18.4     4.6      99      99    99.0     360   0.300     2.9     3.0  2021 11 14 14 02 56.18
  56.205  27.507    13.6     3.6      99      99    99.0     360   0.259     2.6     2.1  2021 11 14 14 13 57.10
  56.177  27.570    13.3     3.8      99      99    99.0     360   0.253     3.0     2.1  2021 11 14 14 24 14.31
  56.250  27.587    14.3     4.3      99      99    99.0     360   0.357     3.4     2.4  2021 11 14 15 12 07.73
  56.119  27.549    13.3     4.3      99      99    99.0     360   0.419     4.2     3.8  2021 11 14 15 22 18.66
  56.118  27.518    16.0     4.0      99      99    99.0     360   0.308     3.8     3.1  2021 11 14 15 59 11.42
  56.174  27.544    17.3     3.5      99      99    99.0     360   0.769     9.8     6.6  2021 11 14 16 10 09.00
  56.181  27.522    17.6     4.4      99      99    99.0     360   0.357     3.3     2.4  2021 11 14 16 19 57.14
  56.243  27.526    17.1     3.3      99      99    99.0     360   0.209     2.9     1.9  2021 11 14 16 34 12.88
  56.233  27.622    17.8     3.4      99      99    99.0     360   0.331     3.3     2.5  2021 11 14 17 01 17.76
  56.244  27.522    15.5     2.8      99      99    99.0     360   0.320     8.0     6.8  2021 11 14 17 31 54.50
  56.215  27.574    12.0     3.4      99      99    99.0     360   0.244     3.5     2.8  2021 11 14 17 40 57.03
  56.174  27.550    13.8     3.5      99      99    99.0     360   0.361     3.7     3.3  2021 11 14 17 50 23.16
  56.186  27.591    12.3     3.7      99      99    99.0     360   0.299     2.9     2.4  2021 11 14 17 58 13.03
  56.090  27.531    10.2     3.5      99      99    99.0     360   0.389     9.6     8.7  2021 11 14 18 01 12.35
  56.167  27.583    22.6     3.6      99      99    99.0     360   0.267     3.8     3.6  2021 11 14 18 18 38.43
  56.252  27.602    13.0     3.3      99      99    99.0     360   0.367     3.8     2.6  2021 11 14 18 38 16.64
  56.112  27.535    14.9     2.8      99      99    99.0     360   0.178     3.9     3.1  2021 11 14 18 46 39.03
  56.222  27.565    24.4     2.7      99      99    99.0     360   0.693     4.8     2.6  2021 11 14 18 57 21.67
  56.254  27.545    10.4     3.5      99      99    99.0     360   0.371     7.1     4.1  2021 11 14 19 07 05.62
  56.298  27.590    15.0     2.9      99      99    99.0     360   0.380     4.1     3.4  2021 11 14 19 10 04.36
  56.143  27.539    23.9     2.7      99      99    99.0     360   0.494     5.0     4.8  2021 11 14 19 18 31.35
  56.031  27.463    14.2     2.9      99      99    99.0     360   0.207     3.3     2.6  2021 11 14 19 30 08.43
  56.105  27.539    17.7     3.5      99      99    99.0     360   0.434     4.2     3.4  2021 11 14 20 09 49.03
  56.016  27.444    12.9     2.9      99      99    99.0     360   0.389     3.8     2.5  2021 11 14 20 23 12.00
  56.188  27.574     9.8     2.9      99      99    99.0     360   0.375     2.9     2.2  2021 11 14 20 41 14.16
  56.258  27.530    19.7     2.8      99      99    99.0     360   0.395    15.1    12.1  2021 11 14 21 13 31.55
  56.141  27.531    16.8     2.7      99      99    99.0     360   0.268     3.7     2.5  2021 11 14 21 27 37.71
  56.240  27.628    10.5     2.9      99      99    99.0     360   0.252     4.7     5.0  2021 11 14 21 33 35.96
  56.204  27.569    14.8     3.2      99      99    99.0     360   0.355     3.0     2.1  2021 11 14 22 13 17.53
  56.204  27.583    14.9     3.4      99      99    99.0     360   0.389     2.7     2.2  2021 11 14 22 48 53.47
  56.167  27.541    14.7     2.9      99      99    99.0     360   0.342     2.8     1.6  2021 11 15 00 32 24.89
  56.266  27.612     7.8     2.7      99      99    99.0     360   0.277     3.9     2.9  2021 11 15 00 53 52.06
  56.041  27.611     6.4     2.9      99      99    99.0     360   0.425     9.1     7.7  2021 11 15 01 07 09.30
  55.987  27.451    15.8     2.9      99      99    99.0     360   0.224     4.0     2.6  2021 11 15 01 23 24.07
  56.016  27.545    12.3     3.4      99      99    99.0     360   0.539     4.5     3.6  2021 11 15 01 41 28.17
  56.172  27.499    21.4     2.9      99      99    99.0     360   0.277     4.4     3.5  2021 11 15 01 45 29.37
  56.296  27.592    16.2     2.8      99      99    99.0     360   0.194     4.1     3.0  2021 11 15 01 59 51.92
  56.127  27.612     2.9     4.2      99      99    99.0     360   0.467     6.4     6.7  2021 11 15 02 02 27.14
  56.025  27.539     9.1     2.8      99      99    99.0     360   0.356     7.9     6.9  2021 11 15 02 45 22.30
  56.159  27.629    11.2     3.7      99      99    99.0     360   0.280     4.6     4.3  2021 11 15 02 53 43.43
  56.058  27.612     7.2     3.3      99      99    99.0     360   0.409     8.4     7.6  2021 11 15 03 04 38.15
  56.218  27.482    17.2     3.9      99      99    99.0     360   0.226     2.9     1.9  2021 11 15 03 14 35.85
  56.101  27.536    18.7     3.1      99      99    99.0     360   0.233     4.1     3.6  2021 11 15 03 55 19.42
  56.193  27.537    12.8     3.3      99      99    99.0     360   0.256     3.2     2.1  2021 11 15 04 13 32.22
  56.166  27.494    16.0     3.4      99      99    99.0     360   0.500     3.9     2.4  2021 11 15 05 04 32.60
  56.195  27.599     1.0     2.9      99      99    99.0     360   0.286     6.2     3.1  2021 11 15 05 58 25.26
  56.205  27.570    16.1     3.3      99      99    99.0     360   0.263     2.8     2.4  2021 11 15 06 43 48.25
  56.047  27.577    10.4     2.9      99      99    99.0     360   0.310     7.0     6.5  2021 11 15 07 10 25.85
  56.259  27.538    14.1     3.7      99      99    99.0     360   0.403     5.6     4.5  2021 11 15 07 44 54.53
  56.250  27.521    17.5     2.9      99      99    99.0     360   0.580     8.8     4.5  2021 11 15 08 18 13.22
  56.178  27.572    14.0     2.9      99      99    99.0     360   0.523     3.8     3.6  2021 11 15 09 14 13.06
  56.242  27.561    19.1     3.2      99      99    99.0     360   0.408     4.0     3.3  2021 11 15 09 45 23.76
  56.143  27.602    12.6     2.7      99      99    99.0     360   0.502     3.5     2.6  2021 11 15 09 55 01.89
  56.240  27.632     9.4     2.8      99      99    99.0     360   0.399     2.9     2.3  2021 11 15 10 14 18.32
  56.188  27.573    18.3     2.9      99      99    99.0     360   0.322     3.1     2.6  2021 11 15 10 52 25.35
  56.141  27.515    10.1     3.5      99      99    99.0     360   0.434     4.3     3.3  2021 11 15 11 24 14.98
  56.196  27.647     1.0     2.8      99      99    99.0     360   0.334     4.1     3.5  2021 11 15 12 21 30.57
  56.190  27.577    12.4     2.9      99      99    99.0     360   0.373     3.3     2.5  2021 11 15 13 07 48.61
  56.229  27.560     7.1     2.9      99      99    99.0     360   0.243     4.4     2.7  2021 11 15 13 28 14.48
  56.163  27.570    19.2     5.0      99      99    99.0     360   0.326     3.5     3.6  2021 11 15 13 36 11.43
  56.122  27.633     9.1     2.7      99      99    99.0     360   0.290     4.2     3.1  2021 11 15 13 48 53.07
  56.138  27.521    16.0     3.3      99      99    99.0     360   0.373     4.5     3.6  2021 11 15 14 24 52.68
  56.140  27.512    17.3     2.9      99      99    99.0     360   0.381     3.8     3.2  2021 11 15 14 37 32.21
  56.194  27.515    22.2     2.9      99      99    99.0     360   0.343    13.9    12.2  2021 11 15 14 38 52.54
  56.151  27.606     2.8     2.8      99      99    99.0     360   0.275     4.7     2.9  2021 11 15 14 47 46.10
  56.199  27.505    14.0     2.9      99      99    99.0     360   0.411     3.1     2.1  2021 11 15 15 02 22.19
  56.185  27.555    13.3     2.8      99      99    99.0     360   0.330     3.6     3.5  2021 11 15 15 49 37.85
  56.138  27.652     5.7     2.6      99      99    99.0     360   0.399     4.6     3.0  2021 11 15 16 03 24.25
  56.165  27.545    15.7     3.8      99      99    99.0     360   0.466     5.9     3.6  2021 11 15 16 42 42.93
  56.129  27.517     2.5     2.8      99      99    99.0     360   0.421    13.6     8.5  2021 11 15 16 52 03.77
  56.199  27.610     2.7     2.5      99      99    99.0     360   0.302     3.9     3.7  2021 11 15 17 04 22.60
  56.199  27.552    12.6     2.9      99      99    99.0     360   0.373     3.7     3.0  2021 11 15 17 22 19.57
  56.238  27.546    18.6     4.3      99      99    99.0     360   0.357     3.3     2.1  2021 11 15 18 05 38.07
  55.973  27.510    14.6     3.5      99      99    99.0     360   0.445     3.2     2.2  2021 11 15 18 18 16.00
  56.180  27.539     8.4     2.9      99      99    99.0     360   0.432     4.0     3.5  2021 11 15 18 23 01.39
  56.243  27.550    11.8     2.8      99      99    99.0     360   0.272     6.4     4.4  2021 11 15 18 30 43.56
  56.181  27.568    11.5     3.7      99      99    99.0     360   0.384     3.0     2.0  2021 11 15 19 12 14.03
  55.978  27.537     5.3     3.2      99      99    99.0     360   0.266    10.8     8.4  2021 11 15 19 31 49.78
  56.034  27.493    10.2     2.8      99      99    99.0     360   0.421     4.9     3.6  2021 11 15 19 53 15.75
  56.157  27.625    21.5     3.3      99      99    99.0     360   0.354     3.4     3.2  2021 11 15 20 06 28.92
  56.208  27.603     6.7     2.5      99      99    99.0     360   0.445     4.0     3.7  2021 11 15 20 14 40.74
  56.160  27.616     3.6     2.7      99      99    99.0     360   0.285     3.9     2.9  2021 11 15 20 37 55.78
  56.175  27.587    14.4     3.3      99      99    99.0     360   0.274     3.2     2.7  2021 11 15 21 24 17.60
  56.136  27.614     7.5     2.8      99      99    99.0     360   0.432     3.9     3.1  2021 11 15 21 37 37.52
  56.181  27.618    11.8     2.8      99      99    99.0     360   0.264     4.1     3.7  2021 11 15 21 54 40.52
  55.957  27.494    15.7     3.1      99      99    99.0     360   0.472     3.4     2.4  2021 11 15 22 31 49.89
  56.121  27.444    22.3     2.8      99      99    99.0     360   0.188     6.9     4.6  2021 11 15 22 34 55.84
  56.089  27.601     7.9     3.1      99      99    99.0     360   0.441     5.3     5.9  2021 11 15 22 51 21.46
  56.227  27.492    16.2     2.9      99      99    99.0     360   0.199     3.2     2.0  2021 11 15 23 47 54.60
  56.193  27.498    11.2     2.6      99      99    99.0     360   0.235     4.8     2.9  2021 11 15 23 55 12.00
  56.187  27.563    13.9     2.9      99      99    99.0     360   0.323     2.8     2.3  2021 11 16 00 17 14.89
  56.221  27.593     7.1     2.8      99      99    99.0     360   0.288     4.5     3.7  2021 11 16 00 48 48.84
  56.167  27.551     9.6     2.6      99      99    99.0     360   0.368     2.6     2.2  2021 11 16 01 17 17.01
  56.042  27.518    14.0     2.9      99      99    99.0     360   0.294     3.5     2.4  2021 11 16 01 35 04.98
  56.100  27.590    14.5     2.6      99      99    99.0     360   0.426     6.1     3.7  2021 11 16 01 58 53.60
  56.207  27.638     1.6     2.9      99      99    99.0     360   0.425     5.6     9.4  2021 11 16 02 04 37.20
  56.184  27.512    16.8     2.7      99      99    99.0     360   0.273     3.1     2.1  2021 11 16 02 09 29.98
  56.008  27.452    22.2     2.8      99      99    99.0     360   0.362     5.7     5.2  2021 11 16 02 12 53.60
  56.133  27.487    16.5     2.5      99      99    99.0     360   0.262     3.9     3.8  2021 11 16 02 21 41.03
  56.240  27.656     5.7     2.6      99      99    99.0     360   0.330     4.0     3.9  2021 11 16 02 44 14.97
  56.140  27.567    19.5     4.1      99      99    99.0     360   0.244     6.3     6.2  2021 11 16 05 12 14.03
  56.148  27.463    21.1     3.2      99      99    99.0     360   0.519    12.8     9.1  2021 11 16 05 56 25.28
  56.155  27.601     6.1     2.8      99      99    99.0     360   0.238     7.3     7.4  2021 11 16 09 09 52.81
  56.157  27.602    14.5     3.7      99      99    99.0     360   0.271     3.3     2.6  2021 11 16 10 37 29.44
  56.245  27.482    19.0     3.5      99      99    99.0     360   0.330     3.4     2.1  2021 11 16 15 35 47.20
  56.062  27.502    14.8     2.9      99      99    99.0     360   0.281     4.1     2.7  2021 11 16 19 03 13.83
  56.159  27.533    14.0     3.9      99      99    99.0     360   0.397     3.8     3.1  2021 11 16 19 27 41.75
  56.043  27.497    13.7     3.1      99      99    99.0     360   0.332     3.3     2.5  2021 11 16 19 33 46.56
  56.053  27.505    13.9     2.9      99      99    99.0     360   0.240     6.6     5.5  2021 11 16 20 00 48.92
  56.145  27.572     4.2     2.7      99      99    99.0     360   0.270     4.8     3.8  2021 11 16 20 15 26.76
  56.100  27.663    11.6     2.9      99      99    99.0     360   0.330     8.2     7.6  2021 11 16 23 38 46.07
  56.164  27.442    19.0     2.9      99      99    99.0     360   0.148    10.5     6.9  2021 11 17 01 06 26.62
  56.199  27.568    18.2     3.7      99      99    99.0     360   0.324     2.9     2.2  2021 11 17 01 59 40.34
  56.006  27.459    17.7     2.7      99      99    99.0     360   0.430     8.9     6.8  2021 11 17 02 21 08.25
  56.125  27.535    18.7     3.1      99      99    99.0     360   0.422     6.3     5.7  2021 11 17 02 51 34.36
  56.136  27.581    12.6     2.7      99      99    99.0     360   0.358     6.3     6.6  2021 11 17 03 24 29.48
  56.154  27.535    18.9     2.5      99      99    99.0     360   0.414     7.7     6.8  2021 11 17 03 49 55.42
  56.185  27.600    13.9     3.4      99      99    99.0     360   0.348     4.7     4.9  2021 11 17 08 55 10.83
  56.217  27.539    10.8     3.2      99      99    99.0     360   0.304     4.9     2.9  2021 11 17 12 01 17.23
  56.128  27.585    19.8     3.6      99      99    99.0     360   0.383     3.2     2.9  2021 11 17 13 42 22.73
  56.159  27.627     9.9     2.6      99      99    99.0     360   0.405     4.9     3.7  2021 11 17 16 41 01.55
  56.225  27.562    15.8     3.5      99      99    99.0     360   0.324     2.6     2.3  2021 11 17 18 37 18.55
  56.161  27.527    15.3     3.7      99      99    99.0     360   0.360     4.1     3.2  2021 11 17 19 29 37.43
  56.128  27.596    23.0     2.8      99      99    99.0     360   0.208     3.9     3.4  2021 11 17 20 46 36.43
  56.195  27.572    11.3     3.2      99      99    99.0     360   0.303     3.4     2.7  2021 11 17 21 08 35.32
  56.157  27.581    16.9     3.3      99      99    99.0     360   0.302     3.1     2.9  2021 11 17 21 31 58.35
  56.226  27.564    13.7     3.0      99      99    99.0     360   0.254     2.9     2.2  2021 11 17 23 20 25.80
  56.177  27.579    12.6     3.3      99      99    99.0     360   0.257     2.6     2.2  2021 11 17 23 53 46.47
  56.066  27.549    13.8     3.2      99      99    99.0     360   0.621     6.9     5.7  2021 11 18 01 50 47.46
  56.273  27.514    16.0     3.4      99      99    99.0     360   0.340     4.8     2.9  2021 11 18 02 18 15.14
  56.253  27.595     1.4     2.6      99      99    99.0     360   0.277     8.0     4.7  2021 11 18 04 30 33.74
  56.189  27.643    17.0     2.6      99      99    99.0     360   0.337     7.2     6.6  2021 11 18 04 57 11.71
  56.245  27.571     5.7     2.8      99      99    99.0     360   0.182     4.9     3.5  2021 11 18 05 46 26.66
  56.171  27.528    13.8     3.4      99      99    99.0     360   0.395     3.4     2.7  2021 11 18 12 02 51.53
  56.249  27.549     9.3     2.8      99      99    99.0     360   0.269     6.7     3.8  2021 11 18 13 07 07.17
  56.090  27.534    15.4     4.3      99      99    99.0     360   0.371     3.8     3.2  2021 11 18 16 10 42.21
  56.186  27.578     1.2     2.7      99      99    99.0     360   0.667     8.6     7.4  2021 11 18 18 55 41.64
  56.046  27.426    15.4     2.7      99      99    99.0     360   0.231     4.4     2.5  2021 11 18 19 10 04.75
  56.114  27.538    14.0     2.9      99      99    99.0     360   0.517     4.5     3.3  2021 11 18 19 28 24.76
  56.208  27.511    13.5     2.7      99      99    99.0     360   0.167     3.8     2.4  2021 11 18 20 19 07.87
  56.246  27.632    12.0     3.5      99      99    99.0     360   0.354     2.8     2.3  2021 11 18 20 50 50.79
  56.127  27.515    18.6     3.3      99      99    99.0     360   0.368     5.8     4.1  2021 11 18 21 20 06.48
  56.321  27.502    22.4     2.7      99      99    99.0     360   0.267     3.5     2.5  2021 11 18 21 45 34.47
  56.213  27.554    17.3     3.5      99      99    99.0     360   0.314     2.7     2.1  2021 11 18 23 05 21.12
  56.243  27.542    13.8     2.7      99      99    99.0     360   0.597     9.1     6.0  2021 11 19 01 59 44.36
  56.228  27.500    17.4     2.8      99      99    99.0     360   0.430     3.8     3.0  2021 11 19 02 27 47.96
  56.220  27.608    20.0     2.9      99      99    99.0     360   0.335     4.7     3.9  2021 11 19 03 18 00.54
  56.186  27.603    22.9     2.8      99      99    99.0     360   0.299     7.0     5.6  2021 11 19 03 21 40.60
  56.163  27.599    15.8     3.6      99      99    99.0     360   0.367     3.4     3.3  2021 11 19 10 34 23.85
  56.184  27.627     5.7     2.8      99      99    99.0     360   0.315     4.3     4.6  2021 11 19 13 28 38.09
  56.209  27.587     5.9     2.9      99      99    99.0     360   0.346     4.6     3.7  2021 11 19 16 16 55.53
  56.211  27.579    16.3     4.0      99      99    99.0     360   0.412     2.8     2.1  2021 11 19 18 52 08.72
  56.205  27.617    10.4     2.9      99      99    99.0     360   0.210     2.9     2.5  2021 11 20 00 51 08.59
  56.159  27.536    12.0     3.3      99      99    99.0     360   0.371     3.7     2.6  2021 11 20 04 55 55.03
  56.164  27.633    17.8     2.7      99      99    99.0     360   0.293     3.9     3.0  2021 11 20 18 40 50.35
  56.178  27.622    21.7     3.8      99      99    99.0     360   0.272     3.4     2.8  2021 11 20 18 44 27.51
  56.211  27.542    13.5     3.4      99      99    99.0     360   0.339     3.8     2.6  2021 11 20 19 17 57.52
  56.192  27.526    13.9     3.5      99      99    99.0     360   0.287     3.4     2.6  2021 11 21 05 55 39.07
  56.127  27.622    18.2     2.7      99      99    99.0     360   0.398     3.9     3.2  2021 11 21 11 43 59.03
  56.179  27.631     9.3     2.6      99      99    99.0     360   0.435     7.1     7.5  2021 11 21 15 48 12.90
  56.165  27.512    14.3     2.9      99      99    99.0     360   0.335     3.4     1.9  2021 11 21 19 55 27.76
  55.988  27.506    15.5     3.4      99      99    99.0     360   0.373     3.2     2.4  2021 11 21 22 51 05.78
  55.988  27.396    21.1     2.9      99      99    99.0     360   0.311     6.8     5.8  2021 11 22 00 17 18.14
  56.176  27.592     9.3     2.6      99      99    99.0     360   0.357     3.1     2.9  2021 11 22 01 41 30.71
  56.184  27.536    14.8     2.9      99      99    99.0     360   0.481     2.7     1.7  2021 11 22 02 18 07.01
  56.152  27.590    15.8     3.7      99      99    99.0     360   0.295     4.1     3.9  2021 11 22 03 29 36.04
  56.283  27.659     7.2     2.8      99      99    99.0     360   0.291     3.6     3.1  2021 11 22 20 16 00.44
  56.194  27.630     4.7     3.2      99      99    99.0     360   0.406     4.0     2.5  2021 11 23 02 29 08.00
  56.266  27.515    15.0     3.4      99      99    99.0     360   0.388     5.3     3.4  2021 11 23 08 15 24.83
  56.230  27.521    17.8     2.8      99      99    99.0     360   0.389     3.5     2.4  2021 11 23 16 49 16.96
  56.159  27.596     9.7     2.9      99      99    99.0     360   0.406     3.7     2.9  2021 11 24 00 14 42.40
  56.097  27.549    12.8     3.4      99      99    99.0     360   0.419     4.4     3.7  2021 11 24 02 34 25.94
  56.187  27.592    25.9     2.7      99      99    99.0     360   0.292     4.4     3.4  2021 11 24 16 25 54.46
  56.167  27.611     8.1     2.8      99      99    99.0     360   0.326     4.8     4.2  2021 11 25 06 34 21.58
  56.167  27.501    16.1     2.8      99      99    99.0     360   0.189     3.1     2.1  2021 11 25 10 53 53.03
  56.250  27.557    16.5     3.8      99      99    99.0     360   0.347     2.8     2.4  2021 11 25 11 02 56.74
  56.257  27.488    15.5     3.1      99      99    99.0     360   0.277     7.6     4.8  2021 11 25 21 49 30.83
  56.205  27.596    17.3     3.8      99      99    99.0     360   0.345     3.1     2.4  2021 11 26 05 57 39.36
  56.206  27.548    13.2     3.4      99      99    99.0     360   0.406     3.3     2.6  2021 11 26 21 29 40.11
  56.135  27.567    14.6     3.1      99      99    99.0     360   0.266     3.3     2.7  2021 11 26 23 01 03.14
  56.123  27.550     9.5     2.8      99      99    99.0     360   0.236     7.3     7.0  2021 11 27 00 31 29.48
  56.212  27.515    12.3     3.4      99      99    99.0     360   0.271     7.5     6.0  2021 11 27 23 42 17.57
  56.124  27.705     7.9     2.9      99      99    99.0     360   0.390     9.9     8.9  2021 11 28 09 18 14.90
  56.150  27.593    17.5     4.0      99      99    99.0     360   0.276     3.2     2.9  2021 11 28 17 14 43.52
  56.236  27.504    11.5     2.8      99      99    99.0     360   0.272     5.1     3.7  2021 11 28 20 54 31.50
  56.199  27.560    12.8     2.8      99      99    99.0     360   0.255     3.1     2.7  2021 11 29 00 02 02.91
  56.167  27.435    18.9     2.8      99      99    99.0     360   0.269     4.1     2.6  2021 11 29 20 31 56.28
  56.241  27.527    17.6     3.4      99      99    99.0     360   0.365     3.8     2.5  2021 11 29 21 02 42.24
  56.283  27.542    18.2     3.8      99      99    99.0     360   0.241     3.3     2.5  2021 11 30 03 47 46.22
  56.166  27.565    12.3     2.9      99      99    99.0     360   0.338     2.8     2.0  2021 11 30 05 04 56.45
  56.071  27.496    20.2     2.9      99      99    99.0     360   0.459     5.5     4.3  2021 11 30 14 56 20.10
  56.296  27.598    10.9     2.6      99      99    99.0     360   0.381     4.6     4.2  2021 11 30 19 05 21.80
  56.142  27.542    12.0     2.9      99      99    99.0     360   0.330     3.9     3.2  2021 11 30 19 36 23.28
  56.126  27.491    18.0     2.8      99      99    99.0     360   0.422     4.3     3.9  2021 11 30 19 44 34.67
  56.204  27.557    12.3     3.2      99      99    99.0     360   0.336     3.5     2.5  2021 11 30 22 44 37.39
  56.101  27.584    15.6     2.7      99      99    99.0     360   0.333     3.6     3.0  2021 11 30 23 54 27.82
  56.141  27.560    17.9     3.4      99      99    99.0     360   0.354     5.3     4.9  2021 12 01 01 42 32.79
  56.141  27.600     8.6     2.5      99      99    99.0     360   0.478     4.6     4.0  2021 12 01 02 12 44.92
  56.190  27.570    12.7     3.2      99      99    99.0     360   0.343     2.5     2.2  2021 12 01 04 53 16.73
  56.190  27.579     9.8     2.7      99      99    99.0     360   0.296     2.8     2.1  2021 12 01 06 31 43.47
  56.186  27.652     4.0     3.2      99      99    99.0     360   0.352     8.2     8.4  2021 12 03 06 20 14.99
  56.241  27.583    17.3     3.4      99      99    99.0     360   0.338     3.0     2.2  2021 12 03 20 06 13.56
  56.231  27.578    17.3     2.7      99      99    99.0     360   0.282     2.7     2.2  2021 12 05 19 52 57.60
  56.171  27.551    12.9     3.1      99      99    99.0     360   0.378     2.7     1.7  2021 12 05 20 27 23.32
  56.229  27.603    16.9     3.6      99      99    99.0     360   0.297     2.7     2.3  2021 12 06 08 04 20.66
  56.233  27.568    17.5     2.9      99      99    99.0     360   0.262     2.8     2.0  2021 12 06 17 10 05.12
  56.106  27.586    16.1     3.3      99      99    99.0     360   0.430     2.9     2.3  2021 12 07 19 40 14.77
  56.172  27.601    23.3     3.6      99      99    99.0     360   0.284     3.8     3.1  2021 12 07 23 07 20.21
  56.047  27.534    15.9     3.6      99      99    99.0     360   0.498     4.5     3.1  2021 12 10 11 59 49.36
  56.232  27.525    16.7     4.3      99      99    99.0     360   0.360     2.8     2.5  2021 12 10 17 33 31.57
  56.117  27.588     4.9     2.8      99      99    99.0     360   0.367     6.2     5.2  2021 12 11 08 28 09.71
  56.220  27.574     7.5     2.8      99      99    99.0     360   0.207     5.6     4.3  2021 12 11 16 07 23.14
  56.307  27.478    23.1     2.9      99      99    99.0     360   0.271     7.3     4.8  2021 12 13 04 23 20.07
  56.153  27.548    14.3     3.4      99      99    99.0     360   0.395     3.6     2.4  2021 12 13 05 12 42.60
  56.190  27.525    19.3     3.6      99      99    99.0     360   0.482     3.8     3.2  2021 12 13 06 15 28.32
  56.239  27.596    15.7     3.4      99      99    99.0     360   0.480     4.0     2.8  2021 12 13 16 35 53.50
  56.159  27.544    15.7     2.7      99      99    99.0     360   0.352     3.3     2.6  2021 12 13 22 39 27.03
  56.127  27.595    16.1     4.0      99      99    99.0     360   0.284     2.9     2.7  2021 12 14 15 34 53.81
  56.206  27.585    15.1     2.9      99      99    99.0     360   0.293     3.4     2.7  2021 12 14 20 38 38.24
  56.225  27.592    11.3     3.6      99      99    99.0     360   0.362     2.8     2.8  2021 12 15 00 55 12.66
  56.214  27.598     8.9     2.8      99      99    99.0     360   0.489     3.3     3.0  2021 12 16 21 24 41.52
  56.185  27.579    12.3     2.9      99      99    99.0     360   0.220     2.8     2.1  2021 12 17 03 13 37.85
  56.240  27.522    26.4     3.4      99      99    99.0     360   0.567     6.3     3.7  2021 12 19 14 32 02.16
  56.240  27.573    19.3     4.6      99      99    99.0     360   0.353     2.9     2.1  2021 12 21 16 36 12.21
  56.246  27.575    16.8     3.2      99      99    99.0     360   0.307     2.6     2.2  2021 12 21 18 55 08.66
  56.222  27.574    11.7     2.9      99      99    99.0     360   0.455     3.9     2.8  2021 12 23 15 47 23.32
  56.226  27.506    11.7     2.9      99      99    99.0     360   0.259     5.6     3.5  2021 12 26 09 35 30.87
  56.182  27.601     7.7     2.7      99      99    99.0     360   0.288     4.0     3.0  2021 12 27 05 39 34.10
  56.260  27.638    12.3     3.2      99      99    99.0     360   0.420     2.9     2.4  2021 12 27 07 03 40.11
  56.264  27.591    17.2     5.0      99      99    99.0     360   0.367     2.8     2.2  2021 12 27 07 31 56.14
  56.164  27.621    12.1     3.3      99      99    99.0     360   0.297     3.6     2.7  2021 12 28 04 39 08.41
  55.985  27.510     8.4     3.4      99      99    99.0     360   0.377     6.8     5.4  2022 01 03 21 03 19.55
  56.195  27.567    12.8     2.9      99      99    99.0     360   0.324     4.4     3.6  2022 01 06 15 03 52.21
  56.238  27.464     8.9     2.9      99      99    99.0     360   0.361     7.7     4.6  2022 01 08 01 14 01.55
  56.312  27.525    26.8     3.3      99      99    99.0     360   0.219     3.3     2.6  2022 01 08 04 45 39.42
  56.226  27.630     6.4     3.2      99      99    99.0     360   0.352     3.3     2.7  2022 01 08 16 23 43.04
  56.189  27.677     1.3     3.1      99      99    99.0     360   0.633     9.1     3.8  2022 01 17 21 50 06.87
  56.266  27.548    13.3     2.9      99      99    99.0     360   0.359     6.1     4.8  2022 01 20 15 23 07.53
  56.156  27.571     9.1     2.5      99      99    99.0     360   0.307     3.5     2.4  2022 01 25 18 57 29.67
  56.141  27.592     5.1     2.6      99      99    99.0     360   0.351     5.4     4.8  2022 01 25 19 11 09.33
  56.097  27.578     6.3     2.9      99      99    99.0     360   0.359     6.2     5.0  2022 01 25 19 13 44.42
  56.221  27.646    15.5     3.4      99      99    99.0     360   0.404     3.7     3.2  2022 02 02 09 33 30.85
  56.170  27.435    18.8     2.7      99      99    99.0     360   0.344     4.1     2.6  2022 02 02 13 17 28.89
  56.202  27.532    17.5     3.5      99      99    99.0     360   0.309     3.2     2.5  2022 02 03 05 24 00.74
  56.230  27.664     9.3     3.5      99      99    99.0     360   0.573     3.8     3.4  2022 02 07 11 06 26.39
  56.228  27.502    16.5     3.7      99      99    99.0     360   0.581     4.8     3.0  2022 02 07 23 55 59.15
  56.225  27.512    11.9     2.8      99      99    99.0     360   0.302     6.3     4.0  2022 02 08 00 08 02.16
  56.178  27.525    11.6     3.4      99      99    99.0     360   0.378     3.6     2.5  2022 02 09 23 07 27.87
  56.128  27.583     9.1     3.4      99      99    99.0     360   0.374     4.1     3.1  2022 02 10 14 43 16.46
  56.161  27.589     7.3     2.6      99      99    99.0     360   0.261     4.3     3.6  2022 02 14 13 12 46.67
  56.222  27.453    17.0     4.0      99      99    99.0     360   0.336     3.0     2.0  2022 02 16 02 09 03.31
  56.325  27.463    30.5     4.4      99      99    99.0     360   0.336     4.9     2.6  2022 02 22 19 55 43.47
  56.203  27.552    13.2     2.9      99      99    99.0     360   0.318     4.3     2.9  2022 02 23 17 04 57.79
  56.170  27.548    14.2     3.4      99      99    99.0     360   0.453     3.6     2.5  2022 02 24 01 48 34.81
  56.149  27.539    17.9     4.1      99      99    99.0     360   0.179     4.7     4.1  2022 02 24 03 30 17.85
  56.200  27.526    13.2     3.4      99      99    99.0     360   0.388     3.6     5.1  2022 02 28 03 41 30.03
  56.215  27.477    18.0     4.3      99      99    99.0     360   0.318     3.3     2.0  2022 03 08 23 21 39.03
  56.214  27.457    18.0     2.9      99      99    99.0     360   0.175     3.4     2.1  2022 03 08 23 44 30.19
  56.268  27.551    23.3     2.9      99      99    99.0     360   0.207     4.8     3.2  2022 03 13 18 24 12.17
  56.228  27.590     7.5     2.8      99      99    99.0     360   0.446     4.7     5.3  2022 03 15 00 14 09.69
  56.121  27.533    14.9     2.9      99      99    99.0     360   0.360     4.4     3.5  2022 03 16 05 17 10.10
  56.171  27.531    15.0     2.9      99      99    99.0     360   0.293     3.1     2.1  2022 03 22 00 55 54.42
  56.144  27.594     9.7     2.9      99      99    99.0     360   0.242     3.3     2.9  2022 03 22 10 03 05.07
  56.188  27.635     2.7     2.6      99      99    99.0     360   0.681     7.8     6.5  2022 03 24 17 41 24.64
  56.146  27.578    14.1     2.8      99      99    99.0     360   0.300     5.6     5.0  2022 03 25 03 12 00.15
  56.177  27.527    14.3     3.7      99      99    99.0     360   0.350     3.3     2.2  2022 04 07 14 16 39.34
  56.048  27.564    23.2     4.1      99      99    99.0     360   0.513     7.4     5.0  2022 04 14 07 41 08.60
  55.996  27.511    13.7     3.6      99      99    99.0     360   0.391     3.4     2.6  2022 04 23 21 30 35.82
  55.980  27.485    14.0     2.7      99      99    99.0     360   0.248     3.7     2.7  2022 04 24 00 33 06.30
  55.987  27.460    18.5     2.9      99      99    99.0     360   0.294     4.3     3.1  2022 04 24 16 18 25.21
  56.047  27.559     9.7     3.4      99      99    99.0     360   0.279     5.4     3.7  2022 04 27 03 03 09.08
  56.260  27.589    16.2     3.2      99      99    99.0     360   0.281     3.6     3.0  2022 05 16 23 11 33.88
  56.207  27.491    13.6     3.2      99      99    99.0     360   0.354     3.6     2.3  2022 05 16 23 45 18.53
  56.231  27.646    17.7     2.9      99      99    99.0     360   0.192     7.1     5.5  2022 05 19 20 40 53.65
  56.214  27.585    13.4     2.9      99      99    99.0     360   0.260     3.5     2.4  2022 05 27 22 30 01.32
  56.252  27.639     1.8     2.6      99      99    99.0     360   0.330     6.9     3.0  2022 05 28 16 37 42.70
  55.663  27.237     8.7     3.3      99      99    99.0     360   0.858     9.5     5.2  2022 02 17 17 51 59.84
  55.708  27.228     7.5     3.6      99      99    99.0     360   0.858     9.3     5.2  2022 05 27 09 10 10.05
