   LON    LAT DEPTH MAG NSTUSED NPHASEP NPHASES MIND GAP  RMS SEH  SEZ YYYY MM DD HH MN   SEC
56.264 27.483  14.1 2.8     NaN     186       3  NaN NaN 0.38 1.6  2.6 2021 10 14 14 17 47.28
56.077 27.571  18.0 6.2     NaN     174       8  NaN NaN 0.43 1.8  3.1 2021 11 14 12  7  4.10
56.174 27.538  10.3 6.3     NaN     156      37  NaN NaN 0.47 1.5  2.5 2021 11 14 12  8 38.00
56.279 27.457  13.1 4.0     NaN       7       0  NaN NaN 0.20 3.6  4.0 2021 11 14 12 52 38.32
56.138 27.564  20.6 4.0     NaN      79       1  NaN NaN 0.37 2.1  2.8 2021 11 14 13 13 15.85
56.137 27.592  18.3 4.6     NaN     263      16  NaN NaN 0.43 1.5  2.5 2021 11 14 14  2 56.24
56.194 27.500  14.8 3.6     NaN     275       0  NaN NaN 0.39 1.6  2.4 2021 11 14 14 13 57.11
56.170 27.577  13.3 3.8     NaN     534      40  NaN NaN 0.38 1.0  1.9 2021 11 14 14 24 14.35
56.228 27.593  15.4 4.3     NaN     279      26  NaN NaN 0.47 1.6  2.6 2021 11 14 15 12  7.72
56.114 27.540  14.5 4.3     NaN     286      20  NaN NaN 0.54 1.9  3.2 2021 11 14 15 22 18.74
56.111 27.518  16.2 4.0     NaN     251       2  NaN NaN 0.49 2.0  2.9 2021 11 14 15 59 11.44
56.188 27.514  20.3 3.5     NaN     107      13  NaN NaN 0.78 3.4  5.0 2021 11 14 16 10  8.96
56.179 27.524  17.7 4.4     NaN     270       0  NaN NaN 0.46 2.3  2.8 2021 11 14 16 19 57.13
56.237 27.526  17.7 3.3     NaN     257       0  NaN NaN 0.21 1.5  1.9 2021 11 14 16 34 12.89
56.226 27.622  18.6 3.4     NaN     226      21  NaN NaN 0.38 1.5  2.8 2021 11 14 17  1 17.80
56.240 27.530  15.3 2.8     NaN     204       0  NaN NaN 0.30 1.5  2.1 2021 11 14 17 31 54.56
56.206 27.573  13.5 3.4     NaN     554       0  NaN NaN 0.25 1.2  2.3 2021 11 14 17 40 57.10
56.165 27.556  13.5 3.5     NaN     420      47  NaN NaN 0.38 1.4  2.5 2021 11 14 17 50 23.16
56.184 27.601  11.5 3.7     NaN     518      42  NaN NaN 0.32 1.3  2.7 2021 11 14 17 58 12.94
56.091 27.546   8.6 3.5     NaN      90      17  NaN NaN 0.30 2.7  4.6 2021 11 14 18  1 12.38
56.167 27.586  22.5 3.6     NaN     176       0  NaN NaN 0.25 1.5  2.7 2021 11 14 18 18 38.44
56.251 27.608  12.6 3.3     NaN     126      20  NaN NaN 0.41 1.6  3.1 2021 11 14 18 38 16.60
56.108 27.532  14.9 2.8     NaN      85       0  NaN NaN 0.22 2.1  3.1 2021 11 14 18 46 39.08
56.214 27.568  25.3 2.7     NaN      35       0  NaN NaN 0.78 3.1  6.6 2021 11 14 18 57 21.68
56.254 27.530  12.5 3.5     NaN     268      19  NaN NaN 0.41 1.4  1.9 2021 11 14 19  7  5.76
56.296 27.588  15.6 2.9     NaN     133       8  NaN NaN 0.46 2.0  3.5 2021 11 14 19 10  4.40
56.145 27.554  22.5 2.7     NaN     106      19  NaN NaN 0.50 2.3  2.6 2021 11 14 19 18 31.42
56.027 27.464  13.8 2.9     NaN      59       7  NaN NaN 0.19 2.2  3.7 2021 11 14 19 30  8.44
56.102 27.539  17.8 3.5     NaN     250      27  NaN NaN 0.44 1.8  2.7 2021 11 14 20  9 49.08
56.013 27.444  12.3 2.9     NaN      69       6  NaN NaN 0.38 2.3  3.7 2021 11 14 20 23 11.96
56.185 27.574   9.6 2.9     NaN     450       0  NaN NaN 0.39 1.4  2.1 2021 11 14 20 41 14.18
56.240 27.499  24.5 2.8     NaN       5       0  NaN NaN 0.21 8.6 14.0 2021 11 14 21 13 31.52
56.139 27.539  16.5 2.7     NaN     530       0  NaN NaN 0.24 1.4  2.4 2021 11 14 21 27 37.74
56.237 27.560  20.1 2.9     NaN     185       0  NaN NaN 0.30 2.2  4.0 2021 11 14 21 33 36.28
56.199 27.575  14.9 3.2     NaN     603      40  NaN NaN 0.36 1.2  2.1 2021 11 14 22 13 17.54
56.195 27.591  14.9 3.4     NaN     631      24  NaN NaN 0.47 1.2  2.2 2021 11 14 22 48 53.48
56.159 27.547  14.7 2.9     NaN     399      43  NaN NaN 0.33 1.5  2.5 2021 11 15  0 32 24.87
56.264 27.616   7.7 2.7     NaN      40       0  NaN NaN 0.29 2.1  3.7 2021 11 15  0 53 52.06
56.035 27.615   4.2 2.9     NaN      13       3  NaN NaN 0.56 3.5  6.7 2021 11 15  1  7  9.08
55.983 27.453  15.2 2.9     NaN      43       5  NaN NaN 0.24 2.5  4.2 2021 11 15  1 23 24.05
56.018 27.547  11.6 3.4     NaN      96       5  NaN NaN 0.45 2.2  3.6 2021 11 15  1 41 28.17
56.169 27.492  22.5 2.9     NaN      96      14  NaN NaN 0.30 2.1  3.3 2021 11 15  1 45 29.47
56.290 27.595  16.8 2.8     NaN      85       0  NaN NaN 0.22 2.1  3.1 2021 11 15  1 59 51.92
56.126 27.608   4.2 4.2     NaN     151       0  NaN NaN 0.54 3.1  7.9 2021 11 15  2  2 27.27
56.154 27.718  11.5 2.9     NaN      10       0  NaN NaN 0.28 3.7  5.2 2021 11 15  2 18  4.03
56.027 27.540   8.9 2.8     NaN      61       7  NaN NaN 0.37 2.8  4.0 2021 11 15  2 45 22.36
56.155 27.637  10.7 3.7     NaN     342      17  NaN NaN 0.42 1.7  3.4 2021 11 15  2 53 43.39
56.054 27.609   6.5 3.3     NaN      69       4  NaN NaN 0.42 3.0  6.0 2021 11 15  3  4 38.05
56.213 27.481  17.8 3.9     NaN     323       0  NaN NaN 0.23 1.4  2.1 2021 11 15  3 14 35.88
56.098 27.529  19.3 3.1     NaN     268       0  NaN NaN 0.28 1.9  3.2 2021 11 15  3 55 19.46
56.191 27.544  12.5 3.3     NaN     661       0  NaN NaN 0.25 1.2  2.0 2021 11 15  4 13 32.28
56.161 27.492  16.9 3.4     NaN     243      28  NaN NaN 0.54 1.8  2.8 2021 11 15  5  4 32.66
56.199 27.571  16.6 3.3     NaN     460       0  NaN NaN 0.31 1.3  2.3 2021 11 15  6 43 48.28
56.049 27.584  10.5 2.9     NaN      30       0  NaN NaN 0.33 2.3  4.9 2021 11 15  7 10 25.90
56.249 27.543  14.8 3.7     NaN     397      13  NaN NaN 0.51 1.4  2.1 2021 11 15  7 44 54.59
56.189 27.495  25.6 2.9     NaN       5       0  NaN NaN 0.51 9.8 16.1 2021 11 15  8 18 13.50
56.175 27.580  13.6 2.9     NaN     565      32  NaN NaN 0.47 1.1  1.9 2021 11 15  9 14 13.08
56.231 27.566  19.3 3.2     NaN     364      28  NaN NaN 0.47 2.4  5.0 2021 11 15  9 45 23.69
56.135 27.609  12.6 2.7     NaN     379      28  NaN NaN 0.46 1.4  2.6 2021 11 15  9 55  1.91
56.238 27.637   8.3 2.8     NaN     236      19  NaN NaN 0.40 1.5  3.1 2021 11 15 10 14 18.23
56.181 27.564  20.0 2.9     NaN     500      38  NaN NaN 0.40 1.8  2.5 2021 11 15 10 52 25.36
56.136 27.516  10.5 3.5     NaN     283      15  NaN NaN 0.40 1.9  3.8 2021 11 15 11 24 15.04
56.188 27.585  12.3 2.9     NaN     470      28  NaN NaN 0.45 1.2  2.4 2021 11 15 13  7 48.63
56.225 27.562   6.9 2.9     NaN     352       0  NaN NaN 0.23 1.4  2.3 2021 11 15 13 28 14.51
56.152 27.584  18.2 5.0     NaN     407      36  NaN NaN 0.43 1.5  2.2 2021 11 15 13 36 11.40
56.122 27.643   8.1 2.7     NaN     177      13  NaN NaN 0.30 1.7  3.6 2021 11 15 13 48 52.98
56.134 27.521  16.1 3.3     NaN     368      30  NaN NaN 0.44 1.8  3.3 2021 11 15 14 24 52.75
56.130 27.509  17.3 2.9     NaN     307      21  NaN NaN 0.41 1.7  2.8 2021 11 15 14 37 32.24
56.190 27.520  22.3 2.9     NaN     148      18  NaN NaN 0.33 6.6  9.9 2021 11 15 14 38 52.51
56.191 27.507  14.2 2.9     NaN     432      28  NaN NaN 0.40 1.6  2.7 2021 11 15 15  2 22.19
56.180 27.563  12.3 2.8     NaN     427       0  NaN NaN 0.30 1.3  2.4 2021 11 15 15 49 37.84
56.135 27.653   5.4 2.6     NaN     144      15  NaN NaN 0.47 1.7  3.8 2021 11 15 16  3 24.23
56.117 27.639   1.9 2.4     NaN      56       7  NaN NaN 0.49 2.1  2.8 2021 11 15 16 24 53.22
56.182 27.545  15.9 3.8     NaN     394      11  NaN NaN 0.46 1.6  2.5 2021 11 15 16 42 43.14
56.118 27.517   2.7 2.8     NaN      10       0  NaN NaN 0.44 2.9  3.9 2021 11 15 16 52  3.81
56.196 27.616   0.9 2.5     NaN      42       4  NaN NaN 0.44 2.3  3.3 2021 11 15 17  4 22.30
56.196 27.554  12.8 2.9     NaN     465      27  NaN NaN 0.34 1.1  1.9 2021 11 15 17 22 19.60
56.236 27.550  18.9 4.3     NaN     334      28  NaN NaN 0.34 1.5  2.7 2021 11 15 18  5 38.08
55.976 27.511  14.2 3.5     NaN      79       0  NaN NaN 0.47 2.1  3.7 2021 11 15 18 18 16.04
56.169 27.544   8.4 2.9     NaN     352       0  NaN NaN 0.48 1.5  2.5 2021 11 15 18 23  1.44
56.240 27.555  11.2 2.8     NaN     399      34  NaN NaN 0.42 1.2  2.1 2021 11 15 18 30 43.60
56.178 27.571  11.6 3.7     NaN     536      31  NaN NaN 0.40 1.2  1.9 2021 11 15 19 12 14.08
56.056 27.531   8.0 3.2     NaN      84       0  NaN NaN 0.51 2.9  3.7 2021 11 15 19 31 50.86
56.031 27.491  10.0 2.8     NaN      80       2  NaN NaN 0.42 2.5  4.0 2021 11 15 19 53 15.82
56.156 27.624  22.0 3.3     NaN     181       9  NaN NaN 0.40 1.8  3.0 2021 11 15 20  6 28.94
56.121 27.418  29.1 2.4     NaN       5       0  NaN NaN 0.21 5.8  5.1 2021 11 15 21 19 59.42
56.165 27.594  14.3 3.3     NaN     426      26  NaN NaN 0.41 1.1  2.1 2021 11 15 21 24 17.58
56.137 27.619   6.5 2.8     NaN     217      19  NaN NaN 0.44 1.6  3.2 2021 11 15 21 37 37.50
56.182 27.632  10.9 2.8     NaN     356       0  NaN NaN 0.25 1.5  3.2 2021 11 15 21 54 40.44
55.954 27.494  15.3 3.1     NaN      45       6  NaN NaN 0.38 2.2  4.1 2021 11 15 22 31 49.88
56.110 27.406  24.8 2.8     NaN       5       0  NaN NaN 0.10 3.6  4.4 2021 11 15 22 34 55.64
56.090 27.604   6.6 3.1     NaN     175      13  NaN NaN 0.51 1.9  4.1 2021 11 15 22 51 21.36
56.224 27.489  17.0 2.9     NaN     249       0  NaN NaN 0.27 1.4  2.0 2021 11 15 23 47 54.64
56.189 27.505  10.8 2.6     NaN     297       0  NaN NaN 0.36 1.6  2.5 2021 11 15 23 55 12.02
56.180 27.566  14.0 2.9     NaN     574       5  NaN NaN 0.31 1.3  2.3 2021 11 16  0 17 14.87
56.220 27.599   6.8 2.8     NaN     342       4  NaN NaN 0.35 1.4  2.5 2021 11 16  0 48 48.87
56.162 27.555   9.1 2.6     NaN     471       4  NaN NaN 0.43 1.2  2.1 2021 11 16  1 17 17.02
56.043 27.522  13.3 2.9     NaN     112       6  NaN NaN 0.36 2.2  2.8 2021 11 16  1 35  5.00
56.108 27.596  14.4 2.6     NaN     303      36  NaN NaN 0.41 2.4  3.3 2021 11 16  1 58 53.74
56.175 27.509  17.7 2.7     NaN     552       0  NaN NaN 0.32 1.6  2.4 2021 11 16  2  9 29.98
56.009 27.457  22.0 2.8     NaN      32       2  NaN NaN 0.37 3.9  7.3 2021 11 16  2 12 53.64
56.125 27.480  17.1 2.5     NaN     152      13  NaN NaN 0.30 2.2  3.8 2021 11 16  2 21 41.04
56.254 27.660   4.1 2.6     NaN      80       7  NaN NaN 0.40 2.7  5.3 2021 11 16  2 44 14.89
56.131 27.567  19.6 4.1     NaN     253      12  NaN NaN 0.37 1.8  2.8 2021 11 16  5 12 14.03
56.135 27.458  21.8 3.2     NaN      55       5  NaN NaN 0.62 2.4  3.2 2021 11 16  5 56 25.27
56.154 27.612   3.9 2.8     NaN      75       0  NaN NaN 0.22 2.8  7.1 2021 11 16  9  9 52.72
56.157 27.615  13.5 3.7     NaN     390      17  NaN NaN 0.33 1.3  2.5 2021 11 16 10 37 29.42
56.247 27.484  18.8 3.5     NaN     187       8  NaN NaN 0.41 1.4  2.0 2021 11 16 15 35 47.25
56.061 27.503  14.4 2.9     NaN      65       0  NaN NaN 0.28 2.6  3.7 2021 11 16 19  3 13.84
56.149 27.528  14.9 3.9     NaN     411      36  NaN NaN 0.45 1.5  2.8 2021 11 16 19 27 41.76
56.040 27.500  13.1 3.1     NaN     201      12  NaN NaN 0.41 2.0  2.8 2021 11 16 19 33 46.56
56.051 27.498  14.1 2.9     NaN     120       0  NaN NaN 0.29 2.4  4.0 2021 11 16 20  0 48.92
56.145 27.583   1.4 2.7     NaN     159       0  NaN NaN 0.29 2.8  7.3 2021 11 16 20 15 26.48
56.098 27.678   9.4 2.9     NaN      20       0  NaN NaN 0.30 3.5  6.1 2021 11 16 23 38 45.88
56.193 27.567  18.9 3.7     NaN     499      27  NaN NaN 0.37 1.5  2.2 2021 11 17  1 59 40.35
56.005 27.463  17.4 2.7     NaN      30       0  NaN NaN 0.40 5.9  9.1 2021 11 17  2 21  8.35
56.116 27.539  18.9 3.1     NaN     241      34  NaN NaN 0.45 2.5  4.3 2021 11 17  2 51 34.42
56.133 27.620   7.1 2.7     NaN     127       0  NaN NaN 0.43 2.5  5.2 2021 11 17  3 24 29.25
56.148 27.544  18.8 2.5     NaN     216      32  NaN NaN 0.44 5.5 10.2 2021 11 17  3 49 55.43
56.174 27.606  14.1 3.4     NaN     390      29  NaN NaN 0.42 1.8  3.7 2021 11 17  8 55 10.80
56.213 27.531  12.0 3.2     NaN     295      18  NaN NaN 0.48 1.3  2.1 2021 11 17 12  1 17.29
56.122 27.582  20.7 3.6     NaN     344      28  NaN NaN 0.44 1.6  2.4 2021 11 17 13 42 22.79
56.149 27.636   8.6 2.6     NaN     140      17  NaN NaN 0.44 1.9  3.7 2021 11 17 16 41  1.41
56.218 27.562  16.5 3.5     NaN     405      49  NaN NaN 0.39 1.4  2.6 2021 11 17 18 37 18.60
56.149 27.527  15.8 3.7     NaN     542      31  NaN NaN 0.34 1.5  2.6 2021 11 17 19 29 37.44
56.120 27.596  23.1 2.8     NaN     114      13  NaN NaN 0.32 1.8  3.0 2021 11 17 20 46 36.44
56.193 27.574  11.2 3.2     NaN     358      25  NaN NaN 0.38 1.5  3.1 2021 11 17 21  8 35.28
56.153 27.583  16.6 3.3     NaN     335      14  NaN NaN 0.43 1.4  2.4 2021 11 17 21 31 58.40
56.227 27.562  14.6 3.0     NaN     543      30  NaN NaN 0.37 1.1  2.2 2021 11 17 23 20 25.84
56.177 27.587  12.3 3.3     NaN     622       0  NaN NaN 0.33 1.2  2.1 2021 11 17 23 53 46.48
56.081 27.561  11.6 3.2     NaN      32       0  NaN NaN 0.71 3.1  4.6 2021 11 18  1 50 47.37
56.271 27.515  16.2 3.4     NaN     233      12  NaN NaN 0.33 1.4  2.0 2021 11 18  2 18 15.13
56.187 27.647  17.2 2.6     NaN      71       0  NaN NaN 0.39 1.8  2.4 2021 11 18  4 57 11.67
56.240 27.579   5.2 2.8     NaN     105       0  NaN NaN 0.19 1.7  2.8 2021 11 18  5 46 26.64
56.163 27.539  12.9 3.4     NaN     382      21  NaN NaN 0.42 3.2  6.1 2021 11 18 12  2 51.54
56.245 27.554   8.6 2.8     NaN     206      19  NaN NaN 0.46 1.4  2.3 2021 11 18 13  7  7.17
56.089 27.531  15.7 4.3     NaN     287      30  NaN NaN 0.41 1.6  2.8 2021 11 18 16 10 42.29
56.041 27.423  14.9 2.7     NaN      28       0  NaN NaN 0.21 2.9  4.0 2021 11 18 19 10  4.74
56.114 27.540  13.9 2.9     NaN     314      33  NaN NaN 0.57 2.0  3.3 2021 11 18 19 28 24.78
56.203 27.516  13.3 2.7     NaN     544       0  NaN NaN 0.21 1.4  2.2 2021 11 18 20 19  7.88
56.242 27.635  11.8 3.5     NaN     180      22  NaN NaN 0.47 1.7  3.4 2021 11 18 20 50 50.80
56.214 27.587  25.4 2.4     NaN       5       0  NaN NaN 0.16 9.2 13.8 2021 11 18 21 13 39.08
56.134 27.534  16.7 3.3     NaN     296      24  NaN NaN 0.51 2.0  3.4 2021 11 18 21 20  6.60
56.325 27.499  22.6 2.7     NaN      39       0  NaN NaN 0.26 4.2  6.0 2021 11 18 21 45 34.56
56.207 27.555  18.1 3.5     NaN     578      63  NaN NaN 0.40 1.4  2.4 2021 11 18 23  5 21.16
56.270 27.538  13.5 2.7     NaN     319      26  NaN NaN 0.54 1.9  2.8 2021 11 19  1 59 44.64
56.223 27.497  18.5 2.8     NaN     233      18  NaN NaN 0.46 1.5  2.4 2021 11 19  2 27 48.01
56.217 27.610  20.2 2.9     NaN     199       1  NaN NaN 0.33 1.5  2.9 2021 11 19  3 18  0.52
56.201 27.614  21.8 2.8     NaN     134       2  NaN NaN 0.27 2.1  3.7 2021 11 19  3 21 40.55
56.160 27.611  14.6 3.6     NaN     415      18  NaN NaN 0.34 1.2  2.5 2021 11 19 10 34 23.80
56.171 27.636   3.0 2.8     NaN     123      13  NaN NaN 0.29 2.2  4.2 2021 11 19 13 28 37.76
56.205 27.596   5.2 2.9     NaN     344      17  NaN NaN 0.40 1.4  2.5 2021 11 19 16 16 55.49
56.215 27.582  16.3 4.0     NaN     391      45  NaN NaN 0.49 1.3  2.2 2021 11 19 18 52  8.80
56.203 27.621  10.1 2.9     NaN     215       0  NaN NaN 0.21 1.4  3.1 2021 11 20  0 51  8.61
56.150 27.527  13.4 3.3     NaN     396      46  NaN NaN 0.41 2.1  3.9 2021 11 20  4 55 55.09
56.151 27.586  24.6 2.7     NaN      50       0  NaN NaN 0.31 3.6  5.9 2021 11 20 18 40 50.40
56.172 27.619  22.9 3.8     NaN     165      16  NaN NaN 0.36 1.8  3.2 2021 11 20 18 44 27.56
56.207 27.548  13.1 3.4     NaN     531      22  NaN NaN 0.38 1.1  1.9 2021 11 20 19 17 57.56
56.184 27.530  13.9 3.5     NaN     330      14  NaN NaN 0.42 1.7  3.2 2021 11 21  5 55 39.06
56.120 27.634  17.4 2.7     NaN     213       0  NaN NaN 0.46 1.8  3.2 2021 11 21 11 43 58.96
56.179 27.645   9.6 2.6     NaN     276      23  NaN NaN 0.44 1.8  3.6 2021 11 21 15 48 12.84
56.168 27.524  13.8 2.9     NaN     486      29  NaN NaN 0.30 1.4  2.3 2021 11 21 19 55 27.78
55.984 27.507  15.0 3.4     NaN     113       7  NaN NaN 0.35 2.2  4.0 2021 11 21 22 51  5.74
55.991 27.399  20.9 2.9     NaN      17       1  NaN NaN 0.33 4.7  8.8 2021 11 22  0 17 18.19
56.173 27.600   8.5 2.6     NaN     451      18  NaN NaN 0.45 1.3  2.4 2021 11 22  1 41 30.66
56.185 27.553  13.6 2.9     NaN     619      44  NaN NaN 0.50 1.2  2.1 2021 11 22  2 18  7.01
56.147 27.589  16.2 3.7     NaN     427      36  NaN NaN 0.41 1.3  2.1 2021 11 22  3 29 36.09
56.298 27.660   6.1 2.8     NaN      33       0  NaN NaN 0.48 4.0  5.7 2021 11 22 20 16  0.44
56.193 27.642   0.4 3.2     NaN     111       0  NaN NaN 0.40 2.2  2.8 2021 11 23  2 29  7.48
56.261 27.511  15.6 3.4     NaN     250      14  NaN NaN 0.41 1.3  1.9 2021 11 23  8 15 24.84
56.224 27.530  17.9 2.8     NaN     381      53  NaN NaN 0.45 1.6  2.6 2021 11 23 16 49 16.98
56.157 27.591   9.2 2.9     NaN     298       0  NaN NaN 0.54 1.9  3.4 2021 11 24  0 14 42.56
56.095 27.546  13.2 3.4     NaN     364      37  NaN NaN 0.41 1.9  3.5 2021 11 24  2 34 26.01
56.188 27.581  27.5 2.7     NaN      53       0  NaN NaN 0.34 2.5  3.3 2021 11 24 16 25 54.52
56.146 27.385  28.4 2.8     NaN       5       0  NaN NaN 0.21 5.8  5.1 2021 11 25  3  2 42.21
56.162 27.637   4.2 2.8     NaN     115       0  NaN NaN 0.43 1.8  2.6 2021 11 25  6 34 21.35
56.162 27.511  15.5 2.8     NaN     341       0  NaN NaN 0.23 1.9  2.7 2021 11 25 10 53 53.11
56.250 27.560  16.4 3.8     NaN     428      22  NaN NaN 0.38 1.4  2.5 2021 11 25 11  2 56.76
56.273 27.545   8.9 3.1     NaN     129       0  NaN NaN 0.42 2.6  4.2 2021 11 25 21 49 31.04
56.205 27.607  16.6 3.8     NaN     372      25  NaN NaN 0.44 1.5  2.7 2021 11 26  5 57 39.40
56.198 27.549  13.7 3.4     NaN     473      51  NaN NaN 0.45 1.1  1.9 2021 11 26 21 29 40.12
56.129 27.565  14.8 3.1     NaN     455       0  NaN NaN 0.33 1.3  2.4 2021 11 26 23  1  3.18
56.120 27.523  12.8 2.8     NaN     125       0  NaN NaN 0.21 2.1  3.6 2021 11 27  0 31 29.60
56.207 27.553   7.6 3.4     NaN     241      10  NaN NaN 0.47 1.6  3.0 2021 11 27 23 42 17.50
56.124 27.711   7.5 2.9     NaN      24       0  NaN NaN 0.33 3.9  7.1 2021 11 28  9 18 14.83
56.152 27.599  17.1 4.0     NaN     285       9  NaN NaN 0.35 1.3  2.4 2021 11 28 17 14 43.56
56.227 27.553   5.8 2.8     NaN     234       0  NaN NaN 0.27 3.5  7.7 2021 11 28 20 54 31.36
56.193 27.540  15.3 2.8     NaN     364       0  NaN NaN 0.28 1.9  3.4 2021 11 29  0  2  3.02
56.165 27.436  19.0 2.8     NaN      57       4  NaN NaN 0.26 2.2  2.9 2021 11 29 20 31 56.32
56.239 27.529  17.9 3.4     NaN     373      40  NaN NaN 0.40 1.3  2.0 2021 11 29 21  2 42.24
56.283 27.545  18.2 3.8     NaN     294      14  NaN NaN 0.39 1.3  2.0 2021 11 30  3 47 46.27
56.158 27.563  12.6 2.9     NaN     653      44  NaN NaN 0.37 1.2  2.1 2021 11 30  5  4 56.50
56.078 27.507  19.3 2.9     NaN     124       6  NaN NaN 0.45 2.8  4.5 2021 11 30 14 56 20.17
56.300 27.597  10.9 2.6     NaN     118       2  NaN NaN 0.34 2.8  4.4 2021 11 30 19  5 21.84
56.136 27.545  10.9 2.9     NaN     306      29  NaN NaN 0.41 1.5  2.6 2021 11 30 19 36 23.12
56.117 27.481  18.2 2.8     NaN     145      16  NaN NaN 0.42 2.3  3.8 2021 11 30 19 44 34.66
56.200 27.561  12.1 3.2     NaN     507      46  NaN NaN 0.39 1.1  2.1 2021 11 30 22 44 37.40
56.098 27.584  15.7 2.7     NaN     433       0  NaN NaN 0.31 1.6  2.9 2021 11 30 23 54 27.86
56.142 27.564  17.6 3.4     NaN     240      19  NaN NaN 0.43 1.6  2.4 2021 12  1  1 42 32.86
56.146 27.606   7.4 2.5     NaN     239      17  NaN NaN 0.42 1.5  3.5 2021 12  1  2 12 44.85
56.183 27.572  13.0 3.2     NaN     570      51  NaN NaN 0.46 1.1  1.9 2021 12  1  4 53 16.77
56.185 27.583   9.4 2.7     NaN     489      29  NaN NaN 0.33 1.1  2.1 2021 12  1  6 31 43.49
56.238 27.585  17.7 3.4     NaN     363      18  NaN NaN 0.33 1.4  2.6 2021 12  3 20  6 13.56
56.227 27.579  17.7 2.7     NaN     411      32  NaN NaN 0.33 1.3  2.5 2021 12  5 19 52 57.64
56.163 27.559  12.4 3.1     NaN     566      29  NaN NaN 0.38 1.3  2.1 2021 12  5 20 27 23.28
56.219 27.606  17.3 3.6     NaN     237       0  NaN NaN 0.45 1.6  2.7 2021 12  6  8  4 20.65
56.229 27.563  18.4 2.9     NaN     489      38  NaN NaN 0.33 1.5  2.6 2021 12  6 17 10  5.16
56.105 27.582  16.3 3.3     NaN     227       0  NaN NaN 0.42 1.9  2.9 2021 12  7 19 40 14.84
56.168 27.600  24.3 3.6     NaN     111       7  NaN NaN 0.38 1.9  3.0 2021 12  7 23  7 20.24
56.067 27.543  14.5 3.6     NaN     166       0  NaN NaN 0.53 1.9  3.0 2021 12 10 11 59 49.41
56.227 27.529  17.2 4.3     NaN     268      15  NaN NaN 0.40 1.5  2.5 2021 12 10 17 33 31.56
56.116 27.588   4.9 2.8     NaN     204       9  NaN NaN 0.44 2.0  4.2 2021 12 11  8 28  9.69
56.216 27.599   2.6 2.8     NaN      65       0  NaN NaN 0.24 2.1  5.5 2021 12 11 16  7 22.86
56.150 27.554  13.9 3.4     NaN     426      26  NaN NaN 0.46 2.6  3.7 2021 12 13  5 12 42.62
56.182 27.532  19.4 3.6     NaN     315       0  NaN NaN 0.47 2.5  3.9 2021 12 13  6 15 28.34
56.234 27.600  16.3 3.4     NaN     368       0  NaN NaN 0.47 1.6  2.6 2021 12 13 16 35 53.50
56.155 27.548  15.9 2.7     NaN     610      44  NaN NaN 0.34 1.5  2.4 2021 12 13 22 39 27.08
56.123 27.599  15.8 4.0     NaN     470       0  NaN NaN 0.34 1.5  2.6 2021 12 14 15 34 53.84
56.209 27.595  14.1 2.9     NaN     494      31  NaN NaN 0.40 1.3  2.7 2021 12 14 20 38 38.24
56.226 27.587  12.3 3.6     NaN     512      54  NaN NaN 0.43 1.2  2.5 2021 12 15  0 55 12.73
56.219 27.614   7.6 2.8     NaN     155      18  NaN NaN 0.49 1.5  3.0 2021 12 16 21 24 41.36
56.181 27.585  11.9 2.9     NaN     105       0  NaN NaN 0.25 1.7  2.9 2021 12 17  3 13 37.88
56.267 27.531  25.4 3.4     NaN      69       7  NaN NaN 0.56 2.8  3.3 2021 12 19 14 32  2.35
56.234 27.572  19.7 4.6     NaN     252      34  NaN NaN 0.48 1.3  2.5 2021 12 21 16 36 12.20
56.244 27.578  17.0 3.2     NaN     343      42  NaN NaN 0.41 1.3  2.4 2021 12 21 18 55  8.68
56.215 27.572  12.4 2.9     NaN     359      24  NaN NaN 0.51 1.2  2.0 2021 12 23 15 47 23.37
56.224 27.512  11.6 2.9     NaN     224       0  NaN NaN 0.25 1.5  2.1 2021 12 26  9 35 30.92
56.180 27.609   6.8 2.7     NaN     443       0  NaN NaN 0.36 1.3  2.7 2021 12 27  5 39 34.06
56.257 27.638  12.5 3.2     NaN     206      21  NaN NaN 0.46 1.8  3.7 2021 12 27  7  3 40.15
56.257 27.593  17.8 5.0     NaN     272      13  NaN NaN 0.39 1.5  2.6 2021 12 27  7 31 56.15
56.164 27.630  11.4 3.3     NaN     385      22  NaN NaN 0.36 1.6  3.1 2021 12 28  4 39  8.37
55.985 27.510   7.4 3.4     NaN      50       7  NaN NaN 0.40 3.0  5.5 2022  1  3 21  3 19.54
56.190 27.566  13.1 2.9     NaN     381       0  NaN NaN 0.32 1.3  2.1 2022  1  6 15  3 52.20
56.231 27.462   9.9 2.9     NaN     107       0  NaN NaN 0.46 2.6  2.6 2022  1  8  1 14  1.58
56.316 27.527  27.0 3.3     NaN      19       0  NaN NaN 0.36 4.2  5.9 2022  1  8  4 45 39.49
56.223 27.637   5.0 3.2     NaN     160      15  NaN NaN 0.45 1.8  3.0 2022  1  8 16 23 42.97
56.222 27.671   4.4 3.1     NaN      64       9  NaN NaN 0.71 2.4  6.3 2022  1 17 21 50  7.44
56.261 27.546  13.2 2.9     NaN     150       0  NaN NaN 0.49 1.3  2.2 2022  1 20 15 23  7.54
56.148 27.568   8.6 2.5     NaN     310       0  NaN NaN 0.29 1.2  2.3 2022  1 25 18 57 29.72
56.137 27.590   5.4 2.6     NaN     309       0  NaN NaN 0.32 1.5  3.1 2022  1 25 19 11  9.34
56.094 27.580   6.0 2.9     NaN     197       0  NaN NaN 0.43 2.0  4.4 2022  1 25 19 13 44.36
56.222 27.635  16.6 3.4     NaN     147       9  NaN NaN 0.51 1.7  3.1 2022  2  2  9 33 30.99
56.168 27.433  19.0 2.7     NaN      28       0  NaN NaN 0.35 2.3  2.9 2022  2  2 13 17 28.93
56.206 27.541  17.0 3.5     NaN     325       0  NaN NaN 0.46 1.5  2.3 2022  2  3  5 24  0.78
56.227 27.668   8.0 3.5     NaN      62      11  NaN NaN 0.64 2.4  3.8 2022  2  7 11  6 26.30
56.229 27.516  16.3 3.7     NaN     294      22  NaN NaN 0.56 1.7  2.5 2022  2  7 23 55 59.16
56.224 27.521  12.1 2.8     NaN      51       0  NaN NaN 0.33 1.9  2.8 2022  2  8  0  8  2.23
56.162 27.525  12.4 3.4     NaN     373       0  NaN NaN 0.52 2.0  3.6 2022  2  9 23  7 27.86
56.126 27.588   8.9 3.4     NaN     318      20  NaN NaN 0.49 1.9  3.8 2022  2 10 14 43 16.51
56.157 27.593   6.8 2.6     NaN     116       0  NaN NaN 0.25 1.9  3.9 2022  2 14 13 12 46.63
56.224 27.453  17.2 4.0     NaN     131      11  NaN NaN 0.43 1.6  2.2 2022  2 16  2  9  3.34
56.198 27.558  13.0 2.9     NaN     178       0  NaN NaN 0.34 1.4  2.1 2022  2 23 17  4 57.84
56.167 27.554  13.8 3.4     NaN     429      23  NaN NaN 0.36 1.8  3.3 2022  2 24  1 48 34.84
56.170 27.556  15.6 4.1     NaN     248       0  NaN NaN 0.51 2.2  3.6 2022  2 24  3 30 17.92
56.185 27.515  18.7 3.4     NaN     178       0  NaN NaN 0.57 2.9  2.7 2022  2 28  3 41 30.42
56.212 27.480  18.4 4.3     NaN     208      10  NaN NaN 0.39 1.6  2.2 2022  3  8 23 21 39.04
56.210 27.454  18.3 2.9     NaN     148       0  NaN NaN 0.19 1.7  2.1 2022  3  8 23 44 30.20
56.262 27.550  24.1 2.9     NaN     101       0  NaN NaN 0.19 2.5  3.5 2022  3 13 18 24 12.16
56.223 27.588   8.8 2.8     NaN      16       4  NaN NaN 0.29 2.5  3.6 2022  3 15  0 14  9.69
56.114 27.534  15.1 2.9     NaN     280       0  NaN NaN 0.38 1.7  2.7 2022  3 16  5 17 10.13
56.165 27.535  14.8 2.9     NaN     464      25  NaN NaN 0.32 1.6  2.6 2022  3 22  0 55 54.45
56.139 27.600   9.4 2.9     NaN     366       0  NaN NaN 0.30 1.3  2.7 2022  3 22 10  3  5.08
56.135 27.547  18.7 2.8     NaN     215       0  NaN NaN 0.28 2.2  2.9 2022  3 25  3 12  0.17
56.174 27.536  13.8 3.7     NaN     533      23  NaN NaN 0.39 1.3  2.4 2022  4  7 14 16 39.37
56.041 27.560  23.7 4.1     NaN      68       4  NaN NaN 0.43 4.5  5.4 2022  4 14  7 41  8.65
55.994 27.509  13.4 3.6     NaN      85       8  NaN NaN 0.43 2.3  3.4 2022  4 23 21 30 35.84
55.978 27.485  13.3 2.7     NaN      53       0  NaN NaN 0.25 2.7  4.9 2022  4 24  0 33  6.29
55.986 27.463  17.9 2.9     NaN      56       7  NaN NaN 0.29 2.5  4.8 2022  4 24 16 18 25.20
56.027 27.549  10.0 3.4     NaN      71       0  NaN NaN 0.38 2.8  4.2 2022  4 27  3  3  8.93
56.298 27.587  14.8 3.2     NaN     185       0  NaN NaN 0.42 2.2  3.4 2022  5 16 23 11 33.92
56.222 27.491  13.5 3.2     NaN     218       0  NaN NaN 0.42 2.0  2.5 2022  5 16 23 45 18.58
56.234 27.492  13.6 3.3     NaN     112       0  NaN NaN 0.50 1.9  2.4 2022  5 25  5 41 17.07
56.120 27.589  16.6 2.9     NaN     245       0  NaN NaN 0.39 1.9  2.5 2022  5 27 22 30  1.08
56.558 27.717  10.0 2.8     NaN       6       0  NaN NaN 0.33 4.5  4.3 2021 10 10 20 51 54.20
56.555 27.754  18.3 3.4     NaN      12       0  NaN NaN 0.31 1.8  2.3 2022  4 28  2 51 43.20
56.596 27.747  12.1 2.8     NaN       6       0  NaN NaN 0.29 1.6  3.1 2022  4 28  3 13  4.99
55.663 27.237   8.7 3.3     NaN       6       0  NaN NaN 0.85 5.3  6.1 2022  2 17 17 51 59.84
55.708 27.228   7.5 3.6     NaN       6       0  NaN NaN 0.85 5.1  6.1 2022  5 27  9 10 10.05
55.296 28.185  19.1 4.7     NaN       6       0  NaN NaN 0.46 0.0  0.0 2022  3 19 12 25 27.10
55.331 28.193  10.0 2.9     NaN       6       0  NaN NaN 0.46 0.0  0.0 2022  3 19 23 14  9.00