20210808   6044990   26.9030    55.0330     19.900   0.00    0.00    0.00   0.30     100000
20210808  21553760   27.1750    55.0320     10.000   0.00    0.00    0.00   0.20     100001
20210815    191720   28.1650    55.8760     10.000   0.00    0.00    0.00   0.50     100002
20210822  21035710   27.5850    55.3770     16.900   0.00    0.00    0.00   0.40     100003
20210822  22274960   28.0160    55.5630     19.500   0.00    0.00    0.00   0.30     100004
20210824   6244080   27.6270    56.4720     20.800   0.00    0.00    0.00   0.30     100005
20210824  18424860   27.9000    56.8600      9.000   0.00    0.00    0.00   0.40     100006
20210824  19435330   27.8520    56.5620      6.000   0.00    0.00    0.00   0.20     100007
20210825  19392250   28.1000    56.9350     18.100   0.00    0.00    0.00   0.30     100008
20210831   1234880   27.9320    56.8240     10.000   0.00    0.00    0.00   0.50     100009
20210901  16320660   27.8710    56.3370      1.200   0.00    0.00    0.00   0.20     100010
20210913  18321950   27.7200    56.6940     20.000   0.00    0.00    0.00   0.50     100011
20210919  16162310   27.6630    55.1440      7.600   0.00    0.00    0.00   0.40     100012
20210922  15584460   28.2570    55.2030     21.500   0.00    0.00    0.00   0.20     100013
20210930  10290260   26.6260    55.6690     16.000   0.00    0.00    0.00   0.20     100014
20211010  16112540   27.3210    55.2580     16.700   0.00    0.00    0.00   0.30     100015
20211010  18265380   27.2320    55.3400     27.700   0.00    0.00    0.00   0.40     100016
20211010  20515420   27.7170    56.5620     10.000   0.00    0.00    0.00   0.40     100017
20211014  14174620   27.4870    56.2420     11.200   0.00    0.00    0.00   0.30     100018
20211016  19112600   27.5870    56.7300     27.200   0.00    0.00    0.00   0.40     100019
20211029   5260400   27.1510    56.2060      6.000   0.00    0.00    0.00   0.40     100020
20211029   5552640   27.1870    56.2670     13.300   0.00    0.00    0.00   0.30     100021
20211101  15484130   27.3190    55.2290      6.000   0.00    0.00    0.00   0.40     100022
20211114  11095360   28.3590    56.2050     10.000   0.00    0.00    0.00   0.40     100023
20211114  12070440   27.5680    56.0840     19.500   0.00    0.00    0.00   0.40     100024
20211114  12083810   27.5360    56.1740     10.000   0.00    0.00    0.00   0.30     100025
20211114  12405260   27.5500    56.2110     19.200   0.00    0.00    0.00   0.30     100026
20211114  12523780   27.5180    56.0930     15.100   0.00    0.00    0.00   0.40     100027
20211114  13054840   27.5250    56.2450      9.000   0.00    0.00    0.00   0.30     100028
20211114  13131590   27.5670    56.1610     19.700   0.00    0.00    0.00   0.40     100029
20211114  13450080   27.5220    56.1350     18.800   0.00    0.00    0.00   0.30     100030
20211114  14025640   27.5900    56.1360     17.000   0.00    0.00    0.00   0.30     100031
20211114  14135740   27.4960    56.2130     12.500   0.00    0.00    0.00   0.30     100032
20211114  14193260   27.6250    56.1760     10.000   0.00    0.00    0.00   0.40     100033
20211114  14241380   27.5760    56.1720     13.100   0.00    0.00    0.00   0.30     100034
20211114  14340010   28.0230    56.2370     10.000   0.00    0.00    0.00   0.10     100035
20211114  14521960   27.6010    56.2280     10.000   0.00    0.00    0.00   0.50     100036
20211114  15054580   27.5170    55.8350      6.000   0.00    0.00    0.00   0.30     100037
20211114  15120800   27.5930    56.2550     14.300   0.00    0.00    0.00   0.40     100038
20211114  15221920   27.5240    56.1280     13.800   0.00    0.00    0.00   0.50     100039
20211114  15343180   27.7650    56.1680     13.600   0.00    0.00    0.00   0.30     100040
20211114  15413830   27.6500    56.3210     10.000   0.00    0.00    0.00   0.30     100041
20211114  15591170   27.5200    56.1100     15.900   0.00    0.00    0.00   0.40     100042
20211114  16100820   27.5850    56.1600     13.700   0.00    0.00    0.00   0.40     100043
20211114  16195740   27.5080    56.1490     18.600   0.00    0.00    0.00   0.40     100044
20211114  16341320   27.5060    56.2430     17.900   0.00    0.00    0.00   0.30     100045
20211114  17011830   27.5930    56.2140     19.800   0.00    0.00    0.00   0.50     100046
20211114  17315340   27.5710    56.2580     10.000   0.00    0.00    0.00   0.50     100047
20211114  17342970   28.0860    56.3160     10.000   0.00    0.00    0.00   0.40     100048
20211114  17363830   27.6470    55.7960     10.000   0.00    0.00    0.00   0.90     100049
20211114  17405760   27.5560    56.1860     13.500   0.00    0.00    0.00   0.50     100050
20211114  17502360   27.5310    56.1730     16.200   0.00    0.00    0.00   0.50     100051
20211114  17581300   27.5940    56.1880     11.300   0.00    0.00    0.00   0.40     100052
20211114  18011170   27.5680    56.1400      8.000   0.00    0.00    0.00   0.30     100053
20211114  18183860   27.5780    56.1620     20.000   0.00    0.00    0.00   0.40     100054
20211114  18381650   27.6280    56.2550      9.400   0.00    0.00    0.00   0.20     100055
20211114  18463830   27.5510    56.1280     13.100   0.00    0.00    0.00   0.20     100056
20211114  18572180   27.6010    56.2200     17.800   0.00    0.00    0.00   0.50     100057
20211114  19070580   27.5410    56.2760     11.800   0.00    0.00    0.00   0.40     100058
20211114  19100380   27.5910    56.3220     14.700   0.00    0.00    0.00   0.40     100059
20211114  19183150   27.5410    56.1400     19.400   0.00    0.00    0.00   0.40     100060
20211114  19300790   27.4860    56.0430     13.500   0.00    0.00    0.00   0.30     100061
20211114  19381060   28.4560    56.7230     10.000   0.00    0.00    0.00   1.00     100062
20211114  19501820   27.7360    56.3640     10.000   0.00    0.00    0.00   0.40     100063
20211114  20094920   27.5420    56.0930     18.300   0.00    0.00    0.00   0.40     100064
20211114  20231140   27.4630    56.0240     13.600   0.00    0.00    0.00   0.40     100065
20211114  20411360   27.5690    56.1960      9.800   0.00    0.00    0.00   0.40     100066
20211114  21133180   27.6110    56.2790     10.000   0.00    0.00    0.00   0.40     100067
20211114  21273790   27.5660    56.1610     13.800   0.00    0.00    0.00   0.50     100068
20211114  21333530   27.6190    56.2490     11.800   0.00    0.00    0.00   0.10     100069
20211114  22131750   27.6020    56.2170     11.900   0.00    0.00    0.00   0.40     100070
20211114  22485350   27.5950    56.1880     12.500   0.00    0.00    0.00   0.50     100071
20211114  22504180   27.8790    56.1570     10.000   0.00    0.00    0.00   0.20     100072
20211115    322480   27.5660    56.1530     11.000   0.00    0.00    0.00   0.30     100073
20211115    535150   27.6400    56.2880      8.300   0.00    0.00    0.00   0.40     100074
20211115   1070920   27.5600    56.0590     10.000   0.00    0.00    0.00   0.50     100075
20211115   1232460   27.4490    56.0070     14.300   0.00    0.00    0.00   0.10     100076
20211115   1325970   27.4300    56.1600     10.000   0.00    0.00    0.00   0.40     100077
20211115   1412790   27.5520    55.9880     11.100   0.00    0.00    0.00   0.50     100078
20211115   1452850   27.4730    56.1460     21.000   0.00    0.00    0.00   0.40     100079
20211115   1595210   27.5850    56.3150     15.100   0.00    0.00    0.00   0.30     100080
20211115   2022710   27.5760    56.1390      7.000   0.00    0.00    0.00   0.40     100081
20211115   2180480   27.6330    56.1740     21.400   0.00    0.00    0.00   0.30     100082
20211115   2452280   27.5250    56.0420     10.000   0.00    0.00    0.00   0.40     100083
20211115   2534350   27.6350    56.1680     11.900   0.00    0.00    0.00   0.30     100084
20211115   3043850   27.5770    56.0810     11.000   0.00    0.00    0.00   0.40     100085
20211115   3143610   27.4860    56.2120     15.600   0.00    0.00    0.00   0.30     100086
20211115   3551970   27.5410    56.1130     16.200   0.00    0.00    0.00   0.30     100087
20211115   4133160   27.5360    56.1990     12.300   0.00    0.00    0.00   0.20     100088
20211115   4230330   27.6150    56.2240     10.000   0.00    0.00    0.00   0.20     100089
20211115   5020350   27.8220    56.2940      6.000   0.00    0.00    0.00   0.50     100090
20211115   5043300   27.5090    56.1690     12.000   0.00    0.00    0.00   0.40     100091
20211115   5582570   27.6010    56.2200     10.000   0.00    0.00    0.00   0.50     100092
20211115   6231300   27.5210    55.9780     28.000   0.00    0.00    0.00   0.20     100093
20211115   6434840   27.5760    56.1930     14.600   0.00    0.00    0.00   0.40     100094
20211115   7102550   27.6040    56.0550     13.200   0.00    0.00    0.00   0.30     100095
20211115   7445360   27.5680    56.2290     11.000   0.00    0.00    0.00   0.40     100096
20211115   8181270   27.6040    56.2240     10.000   0.00    0.00    0.00   0.40     100097
20211115   9141260   27.5730    56.2090     14.000   0.00    0.00    0.00   0.60     100098
20211115   9452390   27.5730    56.2380     15.000   0.00    0.00    0.00   0.40     100099
20211115   9550190   27.6190    56.1500      9.700   0.00    0.00    0.00   0.50     100100
20211115  10141830   27.6390    56.2370     10.000   0.00    0.00    0.00   0.40     100101
20211115  10522550   27.5640    56.1940     17.000   0.00    0.00    0.00   0.30     100102
20211115  11154210   27.5010    56.2410     19.800   0.00    0.00    0.00   0.40     100103
20211115  11241500   27.5060    56.1170     11.900   0.00    0.00    0.00   0.40     100104
20211115  12213070   27.6430    56.1710      5.000   0.00    0.00    0.00   0.50     100105
20211115  13074870   27.5990    56.1760     10.000   0.00    0.00    0.00   0.40     100106
20211115  13281490   27.5420    56.2290     10.000   0.00    0.00    0.00   0.30     100107
20211115  13361170   27.5880    56.1480     17.400   0.00    0.00    0.00   0.30     100108
20211115  13485320   27.6460    56.1300      8.100   0.00    0.00    0.00   0.30     100109
20211115  14245300   27.5100    56.1390     15.400   0.00    0.00    0.00   0.30     100110
20211115  14373140   27.5160    56.1240     17.400   0.00    0.00    0.00   0.30     100111
20211115  14385180   27.5870    56.2010     14.200   0.00    0.00    0.00   0.20     100112
20211115  14474590   27.6130    56.1010      5.000   0.00    0.00    0.00   0.20     100113
20211115  15022240   27.5120    56.1800     14.200   0.00    0.00    0.00   0.50     100114
20211115  15493720   27.5750    56.2020     10.300   0.00    0.00    0.00   0.30     100115
20211115  15551160   27.5790    56.0290      6.000   0.00    0.00    0.00   0.40     100116
20211115  16032470   27.6250    56.1410     10.000   0.00    0.00    0.00   0.30     100117
20211115  16245400   27.5910    56.1170     10.000   0.00    0.00    0.00   0.40     100118
20211115  16424290   27.5450    56.1380     14.200   0.00    0.00    0.00   0.30     100119
20211115  16520430   27.4540    56.1620     10.000   0.00    0.00    0.00   0.20     100120
20211115  17042250   27.6120    56.1640      5.000   0.00    0.00    0.00   0.50     100121
20211115  17221870   27.5670    56.2190     10.600   0.00    0.00    0.00   0.40     100122
20211115  18053830   27.5350    56.2380     18.900   0.00    0.00    0.00   0.40     100123
20211115  18181680   27.5350    55.9680     17.800   0.00    0.00    0.00   0.30     100124
20211115  18230170   27.5300    56.1740     10.000   0.00    0.00    0.00   0.40     100125
20211115  18304280   27.5560    56.2640      9.300   0.00    0.00    0.00   0.40     100126
20211115  19095160   27.6420    55.9340      8.100   0.00    0.00    0.00   0.30     100127
20211115  19121450   27.5640    56.1870     12.100   0.00    0.00    0.00   0.40     100128
20211115  19315100   27.5180    56.0470      8.200   0.00    0.00    0.00   0.40     100129
20211115  19531600   27.4800    56.0170     11.400   0.00    0.00    0.00   0.40     100130
20211115  20062940   27.6050    56.1660     21.600   0.00    0.00    0.00   0.30     100131
20211115  20144020   27.6180    56.1800      5.000   0.00    0.00    0.00   0.20     100132
20211115  20164710   27.6310    56.1580      6.000   0.00    0.00    0.00   0.40     100133
20211115  20375560   27.6050    56.1330      6.000   0.00    0.00    0.00   0.50     100134
20211115  21200000   27.5740    56.0920     10.000   0.00    0.00    0.00   0.30     100135
20211115  21241780   27.5600    56.1700     16.100   0.00    0.00    0.00   0.30     100136
20211115  21373790   27.6140    56.1380     10.000   0.00    0.00    0.00   0.40     100137
20211115  21544050   27.6340    56.1960      8.900   0.00    0.00    0.00   0.10     100138
20211115  22315110   27.5280    55.9520     19.500   0.00    0.00    0.00   0.40     100139
20211115  22345620   27.4740    56.1340     18.600   0.00    0.00    0.00   0.10     100140
20211115  22512140   27.5900    56.0820      7.200   0.00    0.00    0.00   0.40     100141
20211115  23040290   27.6190    56.2380      6.000   0.00    0.00    0.00   0.50     100142
20211115  23072780   27.5990    56.2080      5.000   0.00    0.00    0.00   0.50     100143
20211115  23475490   27.4810    56.2380     14.500   0.00    0.00    0.00   0.30     100144
20211115  23551200   27.5230    56.2020      8.400   0.00    0.00    0.00   0.40     100145
20211116    171500   27.5920    56.2020     10.000   0.00    0.00    0.00   0.40     100146
20211116    484820   27.6000    56.2290      8.000   0.00    0.00    0.00   0.30     100147
20211116   1091860   27.4160    56.2220     10.000   0.00    0.00    0.00   0.80     100148
20211116   1171720   27.5720    56.1810      8.000   0.00    0.00    0.00   0.30     100149
20211116   1350530   27.5120    56.0200     14.400   0.00    0.00    0.00   0.50     100150
20211116   1585410   27.5950    56.1320     12.700   0.00    0.00    0.00   0.10     100151
20211116   2043790   27.6050    56.2300     10.000   0.00    0.00    0.00   0.40     100152
20211116   2093020   27.5090    56.1840     15.900   0.00    0.00    0.00   0.20     100153
20211116   2125280   27.4640    55.9850     21.900   0.00    0.00    0.00   0.10     100154
20211116   2214140   27.4810    56.1230     18.300   0.00    0.00    0.00   0.30     100155
20211116   2441550   27.6350    56.2490     10.000   0.00    0.00    0.00   0.40     100156
20211116   5121410   27.5610    56.1140     18.900   0.00    0.00    0.00   0.40     100157
20211116   5562550   27.5370    56.1580     15.100   0.00    0.00    0.00   0.40     100158
20211116   9095320   27.5760    56.1700      8.400   0.00    0.00    0.00   0.10     100159
20211116  10071000   27.6990    56.4070      8.000   0.00    0.00    0.00   0.40     100160
20211116  10372940   27.6240    56.1570     11.900   0.00    0.00    0.00   0.30     100161
20211116  14492470   27.6850    56.1730     10.000   0.00    0.00    0.00   0.30     100162
20211116  15354730   27.4830    56.2450     16.200   0.00    0.00    0.00   0.40     100163
20211116  18300980   27.5800    56.0920     10.000   0.00    0.00    0.00   0.70     100164
20211116  19031310   27.5090    55.9980     10.000   0.00    0.00    0.00   0.20     100165
20211116  19274220   27.5210    56.1580     17.500   0.00    0.00    0.00   0.60     100166
20211116  19334590   27.5090    56.0510     13.600   0.00    0.00    0.00   0.20     100167
20211116  20004910   27.5340    56.0610     10.000   0.00    0.00    0.00   0.20     100168
20211116  20152670   27.5830    56.1040      7.100   0.00    0.00    0.00   0.10     100169
20211116  23384620   27.6940    56.1180     10.000   0.00    0.00    0.00   0.20     100170
20211117   1062670   27.5450    56.1730     10.000   0.00    0.00    0.00   0.20     100171
20211117   1594050   27.5700    56.2070     16.500   0.00    0.00    0.00   0.40     100172
20211117   2210780   27.5370    56.0240     10.000   0.00    0.00    0.00   0.60     100173
20211117   2513470   27.5290    56.1280     18.700   0.00    0.00    0.00   0.20     100174
20211117   3242880   27.5880    56.1420     10.500   0.00    0.00    0.00   0.20     100175
20211117   3495600   27.5270    56.1700     20.200   0.00    0.00    0.00   0.20     100176
20211117   8551110   27.6000    56.2010     13.900   0.00    0.00    0.00   0.50     100177
20211117  10530920   27.5240    56.1140     10.000   0.00    0.00    0.00   0.80     100178
20211117  12011710   27.5630    56.2070      7.800   0.00    0.00    0.00   0.20     100179
20211117  13422290   27.5800    56.1190     19.700   0.00    0.00    0.00   0.40     100180
20211117  16410040   27.6490    56.1530      6.000   0.00    0.00    0.00   0.40     100181
20211117  18371870   27.5610    56.2230     17.200   0.00    0.00    0.00   0.50     100182
20211117  19293770   27.5270    56.1670     14.000   0.00    0.00    0.00   0.30     100183
20211117  20463700   27.5990    56.1370     20.000   0.00    0.00    0.00   0.40     100184
20211117  21083560   27.5170    56.1950     15.800   0.00    0.00    0.00   0.30     100185
20211117  21315860   27.5810    56.1410     17.200   0.00    0.00    0.00   0.40     100186
20211117  23202610   27.5450    56.2190     15.300   0.00    0.00    0.00   0.40     100187
20211117  23534680   27.5780    56.1870     13.000   0.00    0.00    0.00   0.40     100188
20211118   1504810   27.6010    56.0190     11.700   0.00    0.00    0.00   0.30     100189
20211118   2181530   27.5160    56.2740     14.100   0.00    0.00    0.00   0.30     100190
20211118   2305990   27.6600    56.1330     10.000   0.00    0.00    0.00   0.30     100191
20211118   4303450   27.5430    56.2520     10.000   0.00    0.00    0.00   0.40     100192
20211118   4571150   27.6830    56.2000     10.000   0.00    0.00    0.00   0.30     100193
20211118   5462620   27.5610    56.2610      8.000   0.00    0.00    0.00   0.40     100194
20211118  12025090   27.5220    56.1570     15.700   0.00    0.00    0.00   0.30     100195
20211118  13070730   27.5380    56.2610     10.000   0.00    0.00    0.00   0.40     100196
20211118  16104250   27.5240    56.0990     15.200   0.00    0.00    0.00   0.30     100197
20211118  18554190   27.6350    56.2190      8.000   0.00    0.00    0.00   0.40     100198
20211118  19100520   27.4240    56.0650     13.600   0.00    0.00    0.00   0.20     100199
20211118  19282500   27.5420    56.1420     11.800   0.00    0.00    0.00   0.50     100200
20211118  20190790   27.5210    56.2100     11.300   0.00    0.00    0.00   0.10     100201
20211118  20505070   27.6480    56.2400      8.000   0.00    0.00    0.00   0.20     100202
20211118  21133870   27.6980    56.2360     10.000   0.00    0.00    0.00   0.50     100203
20211118  21200670   27.5270    56.1240     14.800   0.00    0.00    0.00   0.30     100204
20211118  21453470   27.5120    56.3240     18.000   0.00    0.00    0.00   0.40     100205
20211118  23052130   27.5560    56.2180     15.100   0.00    0.00    0.00   0.40     100206
20211119   1594470   27.5520    56.2770     10.000   0.00    0.00    0.00   0.50     100207
20211119   2274800   27.5000    56.2480     13.300   0.00    0.00    0.00   0.30     100208
20211119   3180090   27.6340    56.2390     18.500   0.00    0.00    0.00   0.50     100209
20211119   3214070   27.6460    56.2220     15.000   0.00    0.00    0.00   0.30     100210
20211119  10342400   27.6140    56.1690     13.000   0.00    0.00    0.00   0.30     100211
20211119  13283770   27.6040    56.1720     10.000   0.00    0.00    0.00   0.40     100212
20211119  16165590   27.5730    56.2000     10.000   0.00    0.00    0.00   0.50     100213
20211119  17191460   27.5680    56.2260     10.000   0.00    0.00    0.00   0.10     100214
20211119  18520860   27.5860    56.2090     14.100   0.00    0.00    0.00   0.40     100215
20211120    510910   27.6000    56.2360      8.200   0.00    0.00    0.00   0.10     100216
20211120   4555550   27.5170    56.1590     14.000   0.00    0.00    0.00   0.40     100217
20211120  18404950   27.6430    56.1630     16.600   0.00    0.00    0.00   0.10     100218
20211120  18442810   27.6050    56.1790     21.300   0.00    0.00    0.00   0.40     100219
20211120  19175750   27.5500    56.2170     11.000   0.00    0.00    0.00   0.20     100220
20211121   5553840   27.5180    56.1660     19.000   0.00    0.00    0.00   0.40     100221
20211121  11435920   27.6360    56.1390     14.500   0.00    0.00    0.00   0.30     100222
20211121  15481310   27.6470    56.1750     11.600   0.00    0.00    0.00   0.40     100223
20211121  19552780   27.5410    56.1710     10.000   0.00    0.00    0.00   0.20     100224
20211121  22510620   27.5180    56.0080     14.200   0.00    0.00    0.00   0.40     100225
20211122    171730   27.4050    55.9740     19.600   0.00    0.00    0.00   0.30     100226
20211122    183730   27.5060    55.9170     10.000   0.00    0.00    0.00   0.50     100227
20211122   1413100   27.5680    56.2080     10.000   0.00    0.00    0.00   0.50     100228
20211122   2180700   27.5580    56.1830     11.500   0.00    0.00    0.00   0.50     100229
20211122   3293640   27.5890    56.1380     16.000   0.00    0.00    0.00   0.40     100230
20211122  20160140   27.6440    56.3130     10.000   0.00    0.00    0.00   0.40     100231
20211123   2290770   27.6370    56.1530      5.000   0.00    0.00    0.00   0.30     100232
20211123   8152510   27.5170    56.2720     12.200   0.00    0.00    0.00   0.40     100233
20211123  16491650   27.5280    56.2420     17.700   0.00    0.00    0.00   0.40     100234
20211124    144160   27.6130    56.1740      6.300   0.00    0.00    0.00   0.60     100235
20211124   2342550   27.5440    56.1150     13.200   0.00    0.00    0.00   0.30     100236
20211124  16255480   27.5820    56.1860     24.300   0.00    0.00    0.00   0.40     100237
20211125   3024290   27.5760    56.1080     10.000   0.00    0.00    0.00   0.50     100238
20211125   6342180   27.5980    56.1750     10.000   0.00    0.00    0.00   0.40     100239
20211125  10535230   27.5100    56.1650     15.700   0.00    0.00    0.00   0.10     100240
20211125  11025690   27.5580    56.2390     15.700   0.00    0.00    0.00   0.40     100241
20211125  21493100   27.5350    56.2600      9.000   0.00    0.00    0.00   0.30     100242
20211126   5573950   27.5790    56.1830     17.200   0.00    0.00    0.00   0.30     100243
20211126  21294050   27.5220    56.1960     14.500   0.00    0.00    0.00   0.40     100244
20211126  23010240   27.5520    56.1290     15.900   0.00    0.00    0.00   0.30     100245
20211127    312880   27.5470    56.1350     10.000   0.00    0.00    0.00   0.30     100246
20211127  23421720   27.5720    56.1610      5.000   0.00    0.00    0.00   0.50     100247
20211128   9181420   27.7240    56.1520      8.000   0.00    0.00    0.00   0.40     100248
20211128  17144370   27.5850    56.1190     18.500   0.00    0.00    0.00   0.40     100249
20211128  20543160   27.5080    56.2360     10.000   0.00    0.00    0.00   0.20     100250
20211129     20220   27.5570    56.2010     12.800   0.00    0.00    0.00   0.10     100251
20211129  20315640   27.4260    56.1620     17.800   0.00    0.00    0.00   0.20     100252
20211129  21024250   27.5300    56.2410     15.600   0.00    0.00    0.00   0.30     100253
20211130   3474640   27.5510    56.2710     16.000   0.00    0.00    0.00   0.40     100254
20211130   5045580   27.5650    56.1660     13.000   0.00    0.00    0.00   0.30     100255
20211130  14561940   27.4890    56.0540     20.100   0.00    0.00    0.00   0.40     100256
20211130  19052190   27.6020    56.3010      9.700   0.00    0.00    0.00   0.20     100257
20211130  19362310   27.5490    56.1490      7.900   0.00    0.00    0.00   0.30     100258
20211130  19443510   27.4690    56.1300     17.000   0.00    0.00    0.00   0.30     100259
20211130  22443740   27.5610    56.2060      9.700   0.00    0.00    0.00   0.30     100260
20211130  23542810   27.5850    56.1070     13.200   0.00    0.00    0.00   0.40     100261
20211201   1423300   27.5260    56.1090     19.000   0.00    0.00    0.00   0.40     100262
20211201   2124510   27.5940    56.1910      8.000   0.00    0.00    0.00   0.40     100263
20211201   4531610   27.5790    56.1910     12.500   0.00    0.00    0.00   0.20     100264
20211201   6314290   27.5820    56.1870      9.700   0.00    0.00    0.00   0.20     100265
20211203   6201560   27.5820    56.1970     11.000   0.00    0.00    0.00   0.30     100266
20211203  20061370   27.5740    56.2210     17.600   0.00    0.00    0.00   0.40     100267
20211205  19525780   27.5890    56.2320     15.700   0.00    0.00    0.00   0.30     100268
20211205  20272350   27.5400    56.1770     12.300   0.00    0.00    0.00   0.40     100269
20211206   2392800   27.6270    56.2280     10.000   0.00    0.00    0.00   0.60     100270
20211206   8041980   27.6120    56.2330     16.600   0.00    0.00    0.00   0.40     100271
20211206  17100540   27.5640    56.2300     17.200   0.00    0.00    0.00   0.30     100272
20211207  19401490   27.5780    56.0870     16.800   0.00    0.00    0.00   0.50     100273
20211207  23072060   27.5870    56.1920     22.500   0.00    0.00    0.00   0.40     100274
20211209   2011320   26.8330    55.2220     22.400   0.00    0.00    0.00   0.30     100275
20211210   2540530   26.7630    55.1940     12.900   0.00    0.00    0.00   0.40     100276
20211210  11594950   27.5530    56.0400     15.400   0.00    0.00    0.00   0.50     100277
20211210  17333200   27.5130    56.2030     19.100   0.00    0.00    0.00   0.50     100278
20211211   8280970   27.5530    56.1520     10.000   0.00    0.00    0.00   0.50     100279
20211211  16072360   27.5530    56.2520      8.000   0.00    0.00    0.00   0.10     100280
20211213   4231950   27.5220    56.3180     18.600   0.00    0.00    0.00   0.50     100281
20211213   5124290   27.5460    56.1740     11.800   0.00    0.00    0.00   0.30     100282
20211213   6152750   27.5180    56.1710     19.200   0.00    0.00    0.00   0.40     100283
20211213  16355290   27.5950    56.2430     11.500   0.00    0.00    0.00   0.50     100284
20211213  22392720   27.5520    56.1540     13.400   0.00    0.00    0.00   0.30     100285
20211214  15345390   27.5940    56.1100     16.700   0.00    0.00    0.00   0.50     100286
20211214  20383860   27.5910    56.2160     13.300   0.00    0.00    0.00   0.40     100287
20211214  23291290   28.0420    56.7460     10.000   0.00    0.00    0.00   0.40     100288
20211215    551320   27.5600    56.2270     14.700   0.00    0.00    0.00   0.30     100289
20211216  21244090   27.6280    56.2400      8.000   0.00    0.00    0.00   0.30     100290
20211217   3133800   27.5890    56.1950      9.900   0.00    0.00    0.00   0.00     100291
20211218  16510240   27.2780    55.3770     22.900   0.00    0.00    0.00   0.50     100292
20211219  14320200   27.4940    56.2300     19.300   0.00    0.00    0.00   0.40     100293
20211221  16361230   27.5490    56.2250     18.000   0.00    0.00    0.00   0.40     100294
20211221  18550890   27.5730    56.2390     15.400   0.00    0.00    0.00   0.30     100295
20211223  14080670   27.7140    56.8570     10.000   0.00    0.00    0.00   0.40     100296
20211223  15472270   27.5370    56.2110     16.400   0.00    0.00    0.00   0.40     100297
20211226   9042860   27.6200    56.4090     10.000   0.00    0.00    0.00   0.30     100298
20211226   9353010   27.5240    56.2360     10.500   0.00    0.00    0.00   0.30     100299
20211227   5393460   27.5800    56.1850     10.000   0.00    0.00    0.00   0.40     100300
20211227   7033950   27.6430    56.2600     12.400   0.00    0.00    0.00   0.30     100301
20211227   7315630   27.5930    56.2680     17.100   0.00    0.00    0.00   0.30     100302
20211228   4390850   27.6290    56.1610     11.200   0.00    0.00    0.00   0.20     100303
20211230   1153110   28.0540    56.8480     18.000   0.00    0.00    0.00   0.30     100304
20220102     80420   27.5140    56.0540      8.000   0.00    0.00    0.00   0.30     100305
20220103  21032020   27.5180    55.9960      9.300   0.00    0.00    0.00   0.30     100306
20220105  10375250   26.9840    56.2870      7.300   0.00    0.00    0.00   0.40     100307
20220106  15035270   27.5360    56.2220     12.300   0.00    0.00    0.00   0.40     100308
20220108   1140190   27.4620    56.2640      8.000   0.00    0.00    0.00   0.40     100309
20220108   4453990   27.5210    56.3420     20.000   0.00    0.00    0.00   0.40     100310
20220108  16234280   27.6410    56.2070      5.000   0.00    0.00    0.00   0.40     100311
20220117  21500670   27.6580    56.2050      6.000   0.00    0.00    0.00   0.30     100312
20220120  15230670   27.5490    56.2780      9.700   0.00    0.00    0.00   0.40     100313
20220122  21542890   27.4350    55.7580     19.800   0.00    0.00    0.00   0.50     100314
20220125  18573000   27.5670    56.1710      8.000   0.00    0.00    0.00   0.40     100315
20220125  19111000   27.5530    56.1490     10.000   0.00    0.00    0.00   0.40     100316
20220125  19134510   27.5350    56.1080     10.000   0.00    0.00    0.00   0.50     100317
20220127  13033560   27.7910    56.7470     10.000   0.00    0.00    0.00   0.50     100318
20220202   9333100   27.6650    56.2200     12.900   0.00    0.00    0.00   0.40     100319
20220202  13172810   27.4360    56.1410     20.600   0.00    0.00    0.00   0.40     100320
20220203   5240090   27.5200    56.2010     17.500   0.00    0.00    0.00   0.30     100321
20220207  11062620   27.6680    56.2580     11.000   0.00    0.00    0.00   0.30     100322
20220207  23555810   27.5120    56.2220     11.500   0.00    0.00    0.00   0.40     100323
20220208     80160   27.5200    56.2500      8.000   0.00    0.00    0.00   0.40     100324
20220209  23072790   27.5260    56.1600     11.400   0.00    0.00    0.00   0.30     100325
20220210  14431650   27.5990    56.1220      8.400   0.00    0.00    0.00   0.50     100326
20220210  23440330   27.2650    55.2480     18.500   0.00    0.00    0.00   0.40     100327
20220214  13124610   27.5780    56.1740      6.000   0.00    0.00    0.00   0.30     100328
20220216    492860   27.1950    55.5770     16.700   0.00    0.00    0.00   0.40     100329
20220216   2090340   27.4740    56.2160     16.400   0.00    0.00    0.00   0.50     100330
20220216   4391820   27.3680    55.7010      9.900   0.00    0.00    0.00   0.10     100331
20220217  17515980   27.2390    55.6660      9.100   0.00    0.00    0.00   0.60     100332
20220218   7050290   27.6760    55.7520     10.000   0.00    0.00    0.00   0.40     100333
20220218  17323090   26.9890    56.8900     10.000   0.00    0.00    0.00   0.50     100334
20220222  19554260   27.4330    56.3380     18.900   0.00    0.00    0.00   0.40     100335
20220223  17045700   27.5850    56.1790     14.400   0.00    0.00    0.00   0.40     100336
20220224   1483420   27.5480    56.1670     15.600   0.00    0.00    0.00   0.30     100337
20220224   3301810   27.5400    56.1170     19.100   0.00    0.00    0.00   0.30     100338
20220226   2125460   28.0290    55.1560     10.000   0.00    0.00    0.00   0.40     100339
20220228   3412960   27.5290    56.1890     12.700   0.00    0.00    0.00   0.30     100340
20220302   9453220   27.7640    55.0400     12.900   0.00    0.00    0.00   0.30     100341
20220305  13183250   27.7340    55.0500      8.000   0.00    0.00    0.00   0.50     100342
20220308  23213920   27.4780    56.2110     17.200   0.00    0.00    0.00   0.30     100343
20220308  23442970   27.4510    56.2310     17.000   0.00    0.00    0.00   0.20     100344
20220309  16480160   28.2300    56.9460     16.700   0.00    0.00    0.00   0.30     100345
20220313    235070   27.5380    56.1270     19.900   0.00    0.00    0.00   0.40     100346
20220313   2264320   27.3760    56.5620     13.500   0.00    0.00    0.00   0.30     100347
20220313  18241140   27.5570    56.2780     21.800   0.00    0.00    0.00   0.20     100348
20220315    140990   27.5740    56.2130     10.000   0.00    0.00    0.00   0.30     100349
20220315  15432430   27.5070    56.6820     28.000   0.00    0.00    0.00   0.50     100350
20220316   5170940   27.5340    56.1030     16.500   0.00    0.00    0.00   0.40     100351
20220319  12252710   28.1850    55.2950     19.100   0.00    0.00    0.00   0.30     100352
20220319  13314500   28.2420    55.2940     10.000   0.00    0.00    0.00   0.40     100353
20220319  23140900   28.1930    55.3320     10.000   0.00    0.00    0.00   0.50     100354
20220322    555380   27.5410    56.1620     13.600   0.00    0.00    0.00   0.30     100355
20220322  10030450   27.5980    56.1500      9.800   0.00    0.00    0.00   0.30     100356
20220324  16543060   27.4790    56.5100     15.300   0.00    0.00    0.00   0.30     100357
20220324  17412570   27.5870    56.2310     10.000   0.00    0.00    0.00   0.50     100358
20220325   3120030   27.5990    56.1590     10.000   0.00    0.00    0.00   0.30     100359
20220402  19342290   27.5680    56.1630     28.000   0.00    0.00    0.00   0.30     100360
20220407  14163940   27.5300    56.1870     11.000   0.00    0.00    0.00   0.40     100361
20220409   4382610   27.1370    55.6110     23.900   0.00    0.00    0.00   0.30     100362
20220411  21443720   27.1140    55.3940     12.000   0.00    0.00    0.00   0.40     100363
20220414   7410870   27.5570    56.0500     20.000   0.00    0.00    0.00   0.40     100364
20220423  21303540   27.5180    56.0080     14.800   0.00    0.00    0.00   0.40     100365
20220424    330530   27.5030    55.9800     13.000   0.00    0.00    0.00   0.30     100366
20220424  16182450   27.4680    55.9850     19.100   0.00    0.00    0.00   0.30     100367
20220425   3022880   27.9970    56.9070     10.000   0.00    0.00    0.00   0.20     100368
20220427   3030850   27.5260    56.0640     16.400   0.00    0.00    0.00   0.50     100369
20220428   2514320   27.7540    56.5540     18.300   0.00    0.00    0.00   0.30     100370
20220428   3130500   27.7470    56.5960     12.000   0.00    0.00    0.00   0.30     100371
20220428   4125610   28.4960    55.8600      8.100   0.00    0.00    0.00   0.40     100372
20220430  11523240   27.1970    55.5000     23.700   0.00    0.00    0.00   0.30     100373
20220504   6591010   28.0960    55.0690     10.000   0.00    0.00    0.00   0.40     100374
20220509   5341100   27.7830    56.3480      7.400   0.00    0.00    0.00   0.30     100375
20220516  23113420   27.5840    56.2390     16.600   0.00    0.00    0.00   0.30     100376
20220516  23451900   27.4880    56.1710     15.600   0.00    0.00    0.00   0.30     100377
20220519  20405270   27.6300    56.1300     24.000   0.00    0.00    0.00   0.30     100378
20220525   5411720   27.4570    56.2500     15.000   0.00    0.00    0.00   0.60     100379
20220527   9101010   27.2260    55.7050      7.100   0.00    0.00    0.00   0.40     100380
20220527  22300030   27.6080    56.1500     12.700   0.00    0.00    0.00   0.20     100381
20220528  16374340   27.6120    56.1370     10.000   0.00    0.00    0.00   0.50     100382
